5.500000000000000000e+01 3.702000000000000429e-02
3.900000000000000000e+01 3.970000000000000612e-02
1.590000000000000000e+02 6.178000000000000852e-02
2.160000000000000000e+02 6.321999999999999842e-02
1.700000000000000000e+02 7.722000000000001085e-02
1.140000000000000000e+02 8.820000000000000062e-02
1.600000000000000000e+02 9.058000000000000773e-02
1.000000000000000000e+01 1.100000000000000144e-01
1.140000000000000000e+02 1.140000000000000041e-01
1.360000000000000000e+02 1.155400000000000038e-01
1.770000000000000000e+02 1.260000000000000009e-01
2.310000000000000000e+02 1.275600000000000067e-01
2.230000000000000000e+02 1.497400000000000120e-01
1.760000000000000000e+02 1.517200000000000215e-01
3.700000000000000000e+01 1.554600000000000148e-01
6.900000000000000000e+01 1.597600000000000131e-01
7.100000000000000000e+01 1.664400000000000046e-01
1.720000000000000000e+02 1.733200000000000018e-01
1.730000000000000000e+02 1.806000000000000105e-01
2.220000000000000000e+02 1.809200000000000252e-01
8.400000000000000000e+01 1.857800000000000284e-01
5.000000000000000000e+01 1.863800000000000179e-01
1.080000000000000000e+02 1.890600000000000058e-01
2.260000000000000000e+02 1.920000000000000040e-01
1.630000000000000000e+02 1.994400000000000062e-01
4.000000000000000000e+00 2.041200000000000236e-01
1.380000000000000000e+02 2.108000000000000151e-01
1.140000000000000000e+02 2.155600000000000294e-01
5.500000000000000000e+01 2.172200000000000242e-01
1.050000000000000000e+02 2.173600000000000254e-01
8.100000000000000000e+01 2.210000000000000298e-01
2.030000000000000000e+02 2.212600000000000122e-01
3.000000000000000000e+01 2.294600000000000251e-01
1.710000000000000000e+02 2.349200000000000177e-01
1.360000000000000000e+02 2.386400000000000188e-01
1.400000000000000000e+02 2.387800000000000200e-01
1.920000000000000000e+02 2.417400000000000104e-01
1.600000000000000000e+02 2.427600000000000313e-01
2.070000000000000000e+02 2.531400000000000317e-01
2.300000000000000000e+02 2.571200000000000152e-01
4.700000000000000000e+01 2.576800000000000201e-01
2.700000000000000000e+01 2.579400000000000026e-01
3.100000000000000000e+01 2.579400000000000026e-01
1.370000000000000000e+02 2.579800000000000426e-01
1.480000000000000000e+02 2.585600000000000120e-01
1.840000000000000000e+02 2.595600000000000129e-01
3.000000000000000000e+00 2.595999999999999974e-01
2.010000000000000000e+02 2.617200000000000082e-01
1.500000000000000000e+02 2.620399999999999952e-01
6.000000000000000000e+00 2.646400000000000419e-01
1.380000000000000000e+02 2.651400000000000423e-01
3.000000000000000000e+01 2.673000000000000376e-01
1.830000000000000000e+02 2.683600000000000430e-01
3.200000000000000000e+01 2.829800000000000093e-01
7.600000000000000000e+01 2.839000000000000412e-01
1.690000000000000000e+02 2.856800000000000450e-01
1.260000000000000000e+02 2.876800000000000468e-01
1.720000000000000000e+02 2.898800000000000265e-01
1.490000000000000000e+02 2.924800000000000177e-01
1.400000000000000000e+02 2.940800000000000081e-01
1.100000000000000000e+02 2.951000000000000290e-01
9.100000000000000000e+01 3.006199999999999983e-01
0.000000000000000000e+00 3.049600000000000088e-01
3.400000000000000000e+01 3.179200000000000359e-01
5.700000000000000000e+01 3.243400000000000172e-01
1.600000000000000000e+02 3.244800000000000462e-01
2.010000000000000000e+02 3.247400000000000286e-01
1.770000000000000000e+02 3.260000000000000120e-01
1.630000000000000000e+02 3.291000000000000036e-01
1.290000000000000000e+02 3.320800000000000418e-01
9.500000000000000000e+01 3.332800000000000207e-01
7.500000000000000000e+01 3.333600000000000452e-01
4.300000000000000000e+01 3.340200000000000391e-01
2.400000000000000000e+01 3.394800000000000040e-01
2.220000000000000000e+02 3.404000000000000359e-01
1.870000000000000000e+02 3.455000000000000293e-01
1.250000000000000000e+02 3.531400000000000095e-01
1.180000000000000000e+02 3.536200000000000454e-01
4.000000000000000000e+00 3.549600000000000533e-01
1.000000000000000000e+00 3.563000000000000056e-01
1.090000000000000000e+02 3.570000000000000395e-01
4.000000000000000000e+01 3.599400000000000377e-01
1.830000000000000000e+02 3.604200000000000181e-01
7.000000000000000000e+00 3.620800000000000129e-01
2.290000000000000000e+02 3.635600000000000498e-01
1.030000000000000000e+02 3.637000000000000233e-01
1.560000000000000000e+02 3.715800000000000214e-01
1.450000000000000000e+02 3.719600000000000128e-01
3.300000000000000000e+01 3.776400000000000312e-01
9.600000000000000000e+01 3.783800000000000496e-01
2.700000000000000000e+01 3.796600000000000530e-01
1.270000000000000000e+02 3.804800000000000404e-01
7.200000000000000000e+01 3.837800000000000100e-01
3.600000000000000000e+01 3.839000000000000190e-01
7.500000000000000000e+01 3.856400000000000383e-01
2.090000000000000000e+02 3.857800000000000118e-01
1.790000000000000000e+02 3.875600000000000156e-01
5.000000000000000000e+00 3.932800000000000185e-01
2.000000000000000000e+01 3.955800000000000427e-01
1.300000000000000000e+02 4.005600000000000271e-01
7.300000000000000000e+01 4.009200000000000541e-01
1.430000000000000000e+02 4.014800000000000590e-01
4.700000000000000000e+01 4.015200000000000435e-01
2.260000000000000000e+02 4.024800000000000599e-01
2.200000000000000000e+01 4.031800000000000384e-01
1.030000000000000000e+02 4.064200000000000590e-01
2.370000000000000000e+02 4.069200000000000594e-01
1.180000000000000000e+02 4.096600000000000241e-01
2.700000000000000000e+01 4.100400000000000156e-01
2.210000000000000000e+02 4.125400000000000178e-01
1.650000000000000000e+02 4.125800000000000578e-01
1.460000000000000000e+02 4.134200000000000097e-01
2.900000000000000000e+01 4.170200000000000573e-01
9.000000000000000000e+01 4.172200000000000353e-01
9.100000000000000000e+01 4.173800000000000288e-01
1.840000000000000000e+02 4.183000000000000607e-01
9.500000000000000000e+01 4.209200000000000164e-01
1.700000000000000000e+02 4.224400000000000377e-01
0.000000000000000000e+00 4.235200000000000076e-01
6.200000000000000000e+01 4.292200000000000459e-01
8.400000000000000000e+01 4.327400000000000135e-01
1.450000000000000000e+02 4.408000000000000251e-01
4.100000000000000000e+01 4.417400000000000215e-01
1.800000000000000000e+01 4.422800000000000620e-01
1.920000000000000000e+02 4.431000000000000494e-01
9.100000000000000000e+01 4.438600000000000323e-01
2.210000000000000000e+02 4.463400000000000145e-01
4.600000000000000000e+01 4.469800000000000439e-01
8.600000000000000000e+01 4.501200000000000201e-01
1.050000000000000000e+02 4.508200000000000540e-01
8.700000000000000000e+01 4.555200000000000360e-01
1.570000000000000000e+02 4.577000000000000512e-01
1.110000000000000000e+02 4.617600000000000593e-01
1.200000000000000000e+02 4.661400000000000543e-01
9.800000000000000000e+01 4.688000000000000500e-01
8.500000000000000000e+01 4.716400000000000592e-01
1.900000000000000000e+02 4.718600000000000572e-01
1.250000000000000000e+02 4.738200000000000189e-01
6.500000000000000000e+01 4.750400000000000178e-01
1.200000000000000000e+01 4.794600000000000528e-01
4.000000000000000000e+00 4.860600000000000476e-01
1.310000000000000000e+02 4.908600000000000185e-01
1.230000000000000000e+02 4.911800000000000610e-01
1.590000000000000000e+02 4.927200000000000468e-01
1.710000000000000000e+02 4.945200000000000151e-01
2.080000000000000000e+02 4.953800000000000425e-01
8.700000000000000000e+01 4.962800000000000544e-01
1.610000000000000000e+02 4.973200000000000398e-01
8.000000000000000000e+01 5.047000000000000375e-01
7.000000000000000000e+00 5.058200000000000474e-01
1.130000000000000000e+02 5.059800000000000963e-01
2.260000000000000000e+02 5.068200000000000482e-01
1.700000000000000000e+02 5.076800000000000201e-01
1.900000000000000000e+02 5.079000000000000181e-01
1.960000000000000000e+02 5.087200000000000610e-01
1.730000000000000000e+02 5.119600000000000817e-01
1.050000000000000000e+02 5.125600000000000156e-01
1.760000000000000000e+02 5.134400000000000075e-01
1.660000000000000000e+02 5.136200000000000765e-01
1.570000000000000000e+02 5.150200000000000333e-01
1.630000000000000000e+02 5.266800000000000370e-01
1.790000000000000000e+02 5.273800000000000709e-01
2.260000000000000000e+02 5.296000000000000707e-01
5.300000000000000000e+01 5.315600000000000325e-01
1.070000000000000000e+02 5.315800000000000525e-01
2.110000000000000000e+02 5.356000000000000760e-01
9.700000000000000000e+01 5.402200000000000335e-01
1.110000000000000000e+02 5.416199999999999903e-01
1.460000000000000000e+02 5.440800000000000081e-01
2.000000000000000000e+02 5.479800000000000226e-01
0.000000000000000000e+00 5.625600000000000600e-01
4.500000000000000000e+01 5.726200000000000179e-01
2.000000000000000000e+02 5.783800000000000052e-01
3.500000000000000000e+01 5.822599999999999998e-01
8.500000000000000000e+01 5.930400000000000116e-01
8.300000000000000000e+01 6.037000000000000144e-01
1.770000000000000000e+02 6.039400000000000324e-01
1.360000000000000000e+02 6.061200000000001031e-01
1.050000000000000000e+02 6.134800000000000253e-01
1.600000000000000000e+02 6.142000000000000792e-01
1.130000000000000000e+02 6.196800000000000086e-01
1.000000000000000000e+02 6.272000000000000908e-01
2.600000000000000000e+01 6.336400000000000921e-01
2.160000000000000000e+02 6.444600000000000328e-01
2.120000000000000000e+02 6.478000000000000425e-01
3.700000000000000000e+01 6.479800000000000004e-01
2.100000000000000000e+02 6.496800000000000352e-01
1.390000000000000000e+02 6.520200000000000440e-01
2.400000000000000000e+01 6.627200000000000868e-01
4.800000000000000000e+01 6.637800000000000367e-01
1.570000000000000000e+02 6.817400000000000126e-01
1.000000000000000000e+00 6.818200000000000927e-01
8.500000000000000000e+01 6.833400000000000585e-01
2.000000000000000000e+01 6.885000000000000009e-01
1.500000000000000000e+02 6.895200000000000218e-01
1.110000000000000000e+02 6.911800000000000166e-01
5.300000000000000000e+01 6.952600000000001002e-01
1.020000000000000000e+02 7.021400000000000974e-01
5.600000000000000000e+01 7.095400000000000595e-01
1.670000000000000000e+02 7.216400000000000592e-01
6.900000000000000000e+01 7.228000000000001091e-01
1.300000000000000000e+01 7.279200000000000115e-01
6.200000000000000000e+01 7.306400000000000672e-01
3.600000000000000000e+01 7.347400000000000597e-01
1.790000000000000000e+02 7.364000000000000545e-01
8.900000000000000000e+01 7.387400000000000633e-01
4.000000000000000000e+01 7.402000000000000801e-01
2.290000000000000000e+02 7.474400000000001043e-01
2.800000000000000000e+01 7.513600000000000279e-01
2.240000000000000000e+02 7.529800000000000937e-01
1.820000000000000000e+02 7.541000000000001036e-01
2.350000000000000000e+02 7.641200000000000214e-01
8.900000000000000000e+01 7.696800000000000308e-01
2.230000000000000000e+02 7.757000000000000561e-01
3.900000000000000000e+01 7.784000000000000918e-01
2.380000000000000000e+02 7.821200000000000374e-01
2.210000000000000000e+02 7.832200000000000273e-01
2.110000000000000000e+02 7.849200000000000621e-01
9.200000000000000000e+01 7.894800000000000706e-01
2.170000000000000000e+02 7.947600000000000220e-01
4.400000000000000000e+01 8.014200000000000212e-01
1.120000000000000000e+02 8.081000000000000405e-01
2.320000000000000000e+02 8.136600000000000499e-01
5.200000000000000000e+01 8.206000000000001071e-01
1.390000000000000000e+02 8.256200000000000205e-01
2.040000000000000000e+02 8.270600000000000174e-01
1.300000000000000000e+02 8.278400000000000203e-01
2.100000000000000000e+02 8.536600000000000854e-01
1.670000000000000000e+02 8.543000000000000593e-01
6.500000000000000000e+01 8.547400000000000553e-01
1.900000000000000000e+02 8.566000000000000281e-01
3.000000000000000000e+01 8.570800000000000640e-01
9.900000000000000000e+01 8.635200000000000653e-01
1.370000000000000000e+02 8.677600000000000868e-01
1.710000000000000000e+02 8.695400000000000906e-01
1.620000000000000000e+02 8.775600000000001177e-01
5.300000000000000000e+01 8.874400000000001176e-01
4.000000000000000000e+00 8.965600000000000236e-01
1.900000000000000000e+01 8.965600000000000236e-01
3.800000000000000000e+01 8.983200000000001184e-01
5.500000000000000000e+01 9.033000000000001029e-01
1.300000000000000000e+02 9.138200000000000767e-01
2.160000000000000000e+02 9.154400000000000315e-01
8.000000000000000000e+00 9.176000000000000822e-01
1.550000000000000000e+02 9.191000000000000281e-01
6.100000000000000000e+01 9.198400000000001020e-01
3.600000000000000000e+01 9.240000000000000435e-01
2.280000000000000000e+02 9.278600000000001291e-01
7.100000000000000000e+01 9.307600000000000318e-01
1.750000000000000000e+02 9.367800000000000571e-01
1.430000000000000000e+02 9.396000000000001018e-01
7.000000000000000000e+00 9.429200000000000914e-01
9.000000000000000000e+00 9.442600000000000993e-01
3.000000000000000000e+01 9.484400000000000608e-01
1.350000000000000000e+02 9.489400000000001167e-01
2.220000000000000000e+02 9.523600000000000954e-01
1.940000000000000000e+02 9.542400000000000881e-01
2.230000000000000000e+02 9.542800000000001281e-01
4.700000000000000000e+01 9.581800000000000317e-01
1.090000000000000000e+02 9.619400000000001283e-01
2.270000000000000000e+02 9.653600000000001069e-01
1.030000000000000000e+02 9.657200000000001339e-01
1.220000000000000000e+02 9.667200000000000237e-01
1.590000000000000000e+02 9.688000000000001055e-01
7.900000000000000000e+01 9.740200000000001079e-01
8.300000000000000000e+01 9.792600000000001303e-01
2.190000000000000000e+02 9.815400000000000791e-01
7.700000000000000000e+01 9.832800000000000429e-01
2.600000000000000000e+01 9.834000000000000519e-01
1.740000000000000000e+02 9.839200000000001278e-01
1.210000000000000000e+02 9.839400000000000368e-01
5.000000000000000000e+01 9.850000000000000977e-01
8.500000000000000000e+01 9.926000000000000378e-01
2.150000000000000000e+02 9.968400000000000594e-01
1.180000000000000000e+02 1.001620000000000177e+00
1.790000000000000000e+02 1.002979999999999983e+00
1.410000000000000000e+02 1.004000000000000004e+00
7.300000000000000000e+01 1.007240000000000135e+00
1.800000000000000000e+01 1.008160000000000167e+00
1.400000000000000000e+01 1.009160000000000057e+00
4.100000000000000000e+01 1.010720000000000063e+00
1.200000000000000000e+02 1.011560000000000015e+00
2.220000000000000000e+02 1.015740000000000087e+00
1.140000000000000000e+02 1.017300000000000093e+00
2.390000000000000000e+02 1.021480000000000166e+00
1.240000000000000000e+02 1.027120000000000033e+00
2.130000000000000000e+02 1.032399999999999984e+00
4.300000000000000000e+01 1.036480000000000068e+00
1.720000000000000000e+02 1.039220000000000033e+00
1.200000000000000000e+01 1.040499999999999980e+00
8.200000000000000000e+01 1.041600000000000081e+00
6.000000000000000000e+01 1.041680000000000161e+00
1.990000000000000000e+02 1.042540000000000022e+00
7.400000000000000000e+01 1.043700000000000072e+00
1.000000000000000000e+01 1.045379999999999976e+00
9.200000000000000000e+01 1.052000000000000046e+00
5.900000000000000000e+01 1.052240000000000064e+00
1.940000000000000000e+02 1.053400000000000114e+00
9.400000000000000000e+01 1.054360000000000186e+00
1.720000000000000000e+02 1.055740000000000123e+00
1.910000000000000000e+02 1.060159999999999991e+00
4.000000000000000000e+01 1.061920000000000197e+00
4.300000000000000000e+01 1.065379999999999994e+00
2.120000000000000000e+02 1.071100000000000163e+00
1.150000000000000000e+02 1.072860000000000147e+00
3.100000000000000000e+01 1.073560000000000070e+00
4.500000000000000000e+01 1.074200000000000044e+00
2.210000000000000000e+02 1.083620000000000028e+00
7.800000000000000000e+01 1.086900000000000199e+00
9.000000000000000000e+00 1.087640000000000162e+00
2.900000000000000000e+01 1.089480000000000004e+00
1.000000000000000000e+00 1.090420000000000167e+00
2.300000000000000000e+01 1.090960000000000152e+00
1.220000000000000000e+02 1.091560000000000086e+00
5.700000000000000000e+01 1.092260000000000009e+00
3.200000000000000000e+01 1.093420000000000059e+00
1.450000000000000000e+02 1.093600000000000128e+00
7.100000000000000000e+01 1.095640000000000169e+00
1.200000000000000000e+02 1.097339999999999982e+00
2.230000000000000000e+02 1.098040000000000127e+00
2.130000000000000000e+02 1.100840000000000041e+00
1.880000000000000000e+02 1.101779999999999982e+00
1.620000000000000000e+02 1.101940000000000142e+00
6.900000000000000000e+01 1.102300000000000058e+00
6.500000000000000000e+01 1.104800000000000004e+00
9.900000000000000000e+01 1.107320000000000082e+00
2.180000000000000000e+02 1.108720000000000150e+00
3.000000000000000000e+00 1.108780000000000099e+00
2.200000000000000000e+01 1.109339999999999993e+00
8.000000000000000000e+00 1.110520000000000174e+00
1.070000000000000000e+02 1.110520000000000174e+00
8.600000000000000000e+01 1.111620000000000053e+00
1.930000000000000000e+02 1.113420000000000076e+00
2.200000000000000000e+02 1.113600000000000145e+00
2.100000000000000000e+02 1.114520000000000177e+00
1.370000000000000000e+02 1.116240000000000121e+00
1.840000000000000000e+02 1.118360000000000021e+00
1.500000000000000000e+02 1.119060000000000166e+00
1.100000000000000000e+01 1.124880000000000102e+00
4.800000000000000000e+01 1.125660000000000105e+00
1.290000000000000000e+02 1.126160000000000050e+00
2.040000000000000000e+02 1.136020000000000030e+00
8.000000000000000000e+01 1.136260000000000048e+00
6.200000000000000000e+01 1.142880000000000118e+00
1.170000000000000000e+02 1.146100000000000119e+00
1.750000000000000000e+02 1.146960000000000202e+00
5.600000000000000000e+01 1.148640000000000105e+00
1.990000000000000000e+02 1.149340000000000028e+00
6.900000000000000000e+01 1.151840000000000197e+00
1.780000000000000000e+02 1.153400000000000203e+00
1.840000000000000000e+02 1.154840000000000089e+00
7.900000000000000000e+01 1.155540000000000012e+00
2.390000000000000000e+02 1.156740000000000101e+00
1.140000000000000000e+02 1.157220000000000137e+00
2.130000000000000000e+02 1.159000000000000030e+00
1.830000000000000000e+02 1.161200000000000010e+00
2.330000000000000000e+02 1.161440000000000028e+00
1.300000000000000000e+01 1.166040000000000187e+00
7.100000000000000000e+01 1.169600000000000195e+00
2.370000000000000000e+02 1.170000000000000151e+00
1.440000000000000000e+02 1.176080000000000014e+00
9.400000000000000000e+01 1.180340000000000167e+00
2.350000000000000000e+02 1.188580000000000192e+00
1.650000000000000000e+02 1.191400000000000015e+00
1.440000000000000000e+02 1.193780000000000063e+00
1.570000000000000000e+02 1.194220000000000059e+00
2.200000000000000000e+01 1.194420000000000037e+00
6.000000000000000000e+00 1.196420000000000039e+00
4.300000000000000000e+01 1.197080000000000144e+00
1.260000000000000000e+02 1.198120000000000074e+00
1.400000000000000000e+01 1.198520000000000030e+00
1.300000000000000000e+02 1.200180000000000025e+00
4.800000000000000000e+01 1.200720000000000010e+00
1.160000000000000000e+02 1.201320000000000165e+00
1.110000000000000000e+02 1.202540000000000164e+00
1.780000000000000000e+02 1.204020000000000090e+00
2.170000000000000000e+02 1.209680000000000089e+00
9.900000000000000000e+01 1.209780000000000078e+00
1.210000000000000000e+02 1.210560000000000080e+00
1.790000000000000000e+02 1.212480000000000002e+00
2.250000000000000000e+02 1.212560000000000082e+00
7.900000000000000000e+01 1.213440000000000074e+00
1.190000000000000000e+02 1.214560000000000084e+00
6.500000000000000000e+01 1.217320000000000180e+00
5.200000000000000000e+01 1.217600000000000016e+00
1.300000000000000000e+02 1.219620000000000148e+00
3.800000000000000000e+01 1.221820000000000128e+00
5.000000000000000000e+01 1.223440000000000083e+00
1.100000000000000000e+01 1.226740000000000164e+00
6.800000000000000000e+01 1.229060000000000041e+00
3.500000000000000000e+01 1.230640000000000178e+00
8.300000000000000000e+01 1.232940000000000147e+00
1.520000000000000000e+02 1.233600000000000030e+00
2.100000000000000000e+02 1.234339999999999993e+00
1.000000000000000000e+02 1.236240000000000006e+00
1.380000000000000000e+02 1.236700000000000133e+00
1.540000000000000000e+02 1.238080000000000069e+00
2.060000000000000000e+02 1.238480000000000025e+00
2.340000000000000000e+02 1.240020000000000122e+00
1.120000000000000000e+02 1.243320000000000203e+00
1.090000000000000000e+02 1.244320000000000093e+00
1.960000000000000000e+02 1.245800000000000018e+00
0.000000000000000000e+00 1.245960000000000178e+00
2.120000000000000000e+02 1.247460000000000013e+00
1.620000000000000000e+02 1.249680000000000124e+00
1.100000000000000000e+02 1.250439999999999996e+00
1.710000000000000000e+02 1.250900000000000123e+00
1.350000000000000000e+02 1.252900000000000125e+00
6.700000000000000000e+01 1.257780000000000120e+00
1.780000000000000000e+02 1.258320000000000105e+00
8.900000000000000000e+01 1.259660000000000002e+00
1.550000000000000000e+02 1.264200000000000212e+00
1.830000000000000000e+02 1.266480000000000050e+00
1.000000000000000000e+01 1.267860000000000209e+00
1.950000000000000000e+02 1.271860000000000213e+00
7.400000000000000000e+01 1.276440000000000019e+00
1.290000000000000000e+02 1.277880000000000127e+00
5.500000000000000000e+01 1.280120000000000147e+00
1.760000000000000000e+02 1.282340000000000035e+00
1.840000000000000000e+02 1.288800000000000168e+00
2.200000000000000000e+01 1.290480000000000071e+00
6.100000000000000000e+01 1.291300000000000114e+00
2.370000000000000000e+02 1.294540000000000024e+00
7.900000000000000000e+01 1.296160000000000201e+00
1.140000000000000000e+02 1.296940000000000204e+00
1.400000000000000000e+01 1.297400000000000109e+00
3.000000000000000000e+01 1.298720000000000097e+00
1.320000000000000000e+02 1.299320000000000030e+00
1.100000000000000000e+01 1.301600000000000090e+00
2.600000000000000000e+01 1.301960000000000006e+00
2.000000000000000000e+02 1.303700000000000081e+00
1.570000000000000000e+02 1.303920000000000190e+00
1.000000000000000000e+01 1.304000000000000048e+00
1.970000000000000000e+02 1.304240000000000066e+00
2.210000000000000000e+02 1.304800000000000182e+00
1.390000000000000000e+02 1.306640000000000024e+00
2.200000000000000000e+01 1.311900000000000066e+00
9.300000000000000000e+01 1.312780000000000058e+00
2.400000000000000000e+01 1.314200000000000035e+00
5.600000000000000000e+01 1.314620000000000122e+00
1.170000000000000000e+02 1.315660000000000052e+00
2.230000000000000000e+02 1.316260000000000208e+00
6.500000000000000000e+01 1.316740000000000022e+00
1.020000000000000000e+02 1.317040000000000211e+00
6.700000000000000000e+01 1.317480000000000206e+00
1.510000000000000000e+02 1.318140000000000089e+00
1.290000000000000000e+02 1.318660000000000165e+00
1.340000000000000000e+02 1.319020000000000081e+00
7.200000000000000000e+01 1.319880000000000164e+00
2.000000000000000000e+02 1.320460000000000189e+00
1.730000000000000000e+02 1.320500000000000007e+00
9.400000000000000000e+01 1.321240000000000192e+00
2.090000000000000000e+02 1.321820000000000217e+00
2.390000000000000000e+02 1.323340000000000183e+00
3.700000000000000000e+01 1.325500000000000123e+00
1.520000000000000000e+02 1.326020000000000199e+00
7.300000000000000000e+01 1.329800000000000093e+00
5.200000000000000000e+01 1.336520000000000152e+00
1.400000000000000000e+01 1.340680000000000094e+00
2.260000000000000000e+02 1.343560000000000088e+00
1.900000000000000000e+02 1.344380000000000130e+00
1.200000000000000000e+01 1.344860000000000166e+00
2.350000000000000000e+02 1.346160000000000023e+00
6.200000000000000000e+01 1.346760000000000179e+00
1.880000000000000000e+02 1.352740000000000054e+00
1.150000000000000000e+02 1.354460000000000219e+00
2.120000000000000000e+02 1.356860000000000177e+00
7.000000000000000000e+01 1.357940000000000147e+00
2.300000000000000000e+01 1.358460000000000001e+00
5.000000000000000000e+00 1.359160000000000146e+00
1.980000000000000000e+02 1.359560000000000102e+00
1.320000000000000000e+02 1.361840000000000162e+00
2.260000000000000000e+02 1.362160000000000037e+00
3.800000000000000000e+01 1.362780000000000102e+00
1.040000000000000000e+02 1.367640000000000189e+00
1.600000000000000000e+01 1.370120000000000005e+00
2.000000000000000000e+02 1.376120000000000010e+00
0.000000000000000000e+00 1.376320000000000210e+00
5.800000000000000000e+01 1.376580000000000137e+00
1.980000000000000000e+02 1.376920000000000144e+00
8.400000000000000000e+01 1.379100000000000215e+00
2.180000000000000000e+02 1.379900000000000126e+00
2.100000000000000000e+02 1.380780000000000118e+00
6.600000000000000000e+01 1.383520000000000083e+00
1.370000000000000000e+02 1.385940000000000172e+00
1.170000000000000000e+02 1.386960000000000193e+00
2.320000000000000000e+02 1.387160000000000171e+00
2.040000000000000000e+02 1.387900000000000134e+00
9.000000000000000000e+00 1.391240000000000032e+00
1.020000000000000000e+02 1.396540000000000115e+00
1.870000000000000000e+02 1.399520000000000097e+00
8.000000000000000000e+00 1.401640000000000219e+00
1.200000000000000000e+01 1.406060000000000088e+00
6.900000000000000000e+01 1.408360000000000056e+00
2.210000000000000000e+02 1.408700000000000063e+00
5.000000000000000000e+00 1.409680000000000044e+00
3.500000000000000000e+01 1.409700000000000175e+00
1.410000000000000000e+02 1.410540000000000127e+00
2.020000000000000000e+02 1.411580000000000057e+00
2.000000000000000000e+02 1.411600000000000188e+00
1.230000000000000000e+02 1.414460000000000051e+00
1.930000000000000000e+02 1.415080000000000116e+00
3.200000000000000000e+01 1.420140000000000180e+00
1.480000000000000000e+02 1.424360000000000070e+00
2.240000000000000000e+02 1.426360000000000072e+00
6.300000000000000000e+01 1.427120000000000166e+00
2.180000000000000000e+02 1.430560000000000054e+00
4.800000000000000000e+01 1.430920000000000192e+00
2.300000000000000000e+02 1.432280000000000220e+00
7.000000000000000000e+01 1.434220000000000050e+00
2.700000000000000000e+01 1.435880000000000045e+00
1.600000000000000000e+02 1.438040000000000207e+00
1.530000000000000000e+02 1.438740000000000130e+00
1.060000000000000000e+02 1.446140000000000203e+00
7.200000000000000000e+01 1.451500000000000012e+00
2.050000000000000000e+02 1.453720000000000123e+00
2.120000000000000000e+02 1.456840000000000135e+00
1.900000000000000000e+01 1.458880000000000177e+00
2.160000000000000000e+02 1.463420000000000165e+00
5.400000000000000000e+01 1.464080000000000048e+00
6.700000000000000000e+01 1.464660000000000073e+00
2.200000000000000000e+02 1.470620000000000038e+00
9.000000000000000000e+00 1.471460000000000212e+00
1.020000000000000000e+02 1.472760000000000069e+00
4.800000000000000000e+01 1.476940000000000142e+00
1.640000000000000000e+02 1.477280000000000149e+00
8.600000000000000000e+01 1.477700000000000014e+00
1.040000000000000000e+02 1.479060000000000041e+00
1.690000000000000000e+02 1.479720000000000146e+00
3.700000000000000000e+01 1.481920000000000126e+00
1.400000000000000000e+02 1.485980000000000079e+00
1.770000000000000000e+02 1.486020000000000119e+00
2.010000000000000000e+02 1.493300000000000072e+00
2.090000000000000000e+02 1.494440000000000213e+00
4.700000000000000000e+01 1.496700000000000141e+00
1.710000000000000000e+02 1.497860000000000191e+00
2.200000000000000000e+01 1.498200000000000198e+00
2.110000000000000000e+02 1.498260000000000147e+00
8.700000000000000000e+01 1.498340000000000227e+00
2.140000000000000000e+02 1.501560000000000228e+00
1.360000000000000000e+02 1.501680000000000126e+00
3.000000000000000000e+01 1.501880000000000104e+00
2.170000000000000000e+02 1.505300000000000082e+00
6.000000000000000000e+00 1.508600000000000163e+00
1.390000000000000000e+02 1.509180000000000188e+00
1.580000000000000000e+02 1.510100000000000220e+00
3.600000000000000000e+01 1.510920000000000041e+00
1.310000000000000000e+02 1.511180000000000190e+00
1.100000000000000000e+01 1.511740000000000084e+00
1.860000000000000000e+02 1.515080000000000204e+00
1.200000000000000000e+02 1.516020000000000145e+00
4.000000000000000000e+01 1.520320000000000116e+00
7.500000000000000000e+01 1.521120000000000028e+00
8.000000000000000000e+01 1.521200000000000108e+00
1.340000000000000000e+02 1.522020000000000151e+00
1.000000000000000000e+02 1.523080000000000211e+00
1.030000000000000000e+02 1.523300000000000098e+00
1.300000000000000000e+01 1.524020000000000152e+00
1.190000000000000000e+02 1.526520000000000099e+00
1.470000000000000000e+02 1.537680000000000158e+00
2.180000000000000000e+02 1.539320000000000022e+00
1.270000000000000000e+02 1.543620000000000214e+00
1.300000000000000000e+01 1.544000000000000039e+00
1.430000000000000000e+02 1.545680000000000165e+00
2.320000000000000000e+02 1.546340000000000048e+00
1.700000000000000000e+02 1.546680000000000055e+00
8.300000000000000000e+01 1.548940000000000206e+00
1.050000000000000000e+02 1.551660000000000039e+00
3.500000000000000000e+01 1.552860000000000129e+00
7.100000000000000000e+01 1.553120000000000056e+00
2.350000000000000000e+02 1.554840000000000222e+00
2.140000000000000000e+02 1.555280000000000218e+00
2.380000000000000000e+02 1.555740000000000123e+00
1.500000000000000000e+02 1.557060000000000111e+00
3.600000000000000000e+01 1.558340000000000058e+00
8.500000000000000000e+01 1.558800000000000185e+00
9.700000000000000000e+01 1.558820000000000094e+00
6.000000000000000000e+01 1.559040000000000203e+00
6.400000000000000000e+01 1.560000000000000053e+00
1.970000000000000000e+02 1.565660000000000052e+00
7.800000000000000000e+01 1.568600000000000216e+00
2.080000000000000000e+02 1.577520000000000033e+00
2.230000000000000000e+02 1.578520000000000145e+00
5.700000000000000000e+01 1.578740000000000032e+00
5.100000000000000000e+01 1.581860000000000044e+00
2.900000000000000000e+01 1.581940000000000124e+00
2.160000000000000000e+02 1.583780000000000188e+00
1.900000000000000000e+02 1.585520000000000040e+00
9.100000000000000000e+01 1.585580000000000211e+00
5.300000000000000000e+01 1.585640000000000160e+00
1.380000000000000000e+02 1.587160000000000126e+00
1.940000000000000000e+02 1.588760000000000172e+00
1.650000000000000000e+02 1.590220000000000189e+00
1.820000000000000000e+02 1.593020000000000103e+00
1.910000000000000000e+02 1.595380000000000020e+00
1.570000000000000000e+02 1.598660000000000192e+00
1.600000000000000000e+01 1.600980000000000070e+00
2.230000000000000000e+02 1.601380000000000026e+00
0.000000000000000000e+00 1.606860000000000177e+00
1.660000000000000000e+02 1.609120000000000106e+00
1.110000000000000000e+02 1.609920000000000240e+00
2.290000000000000000e+02 1.613140000000000240e+00
1.300000000000000000e+01 1.613840000000000163e+00
1.760000000000000000e+02 1.614760000000000195e+00
1.140000000000000000e+02 1.615640000000000187e+00
2.190000000000000000e+02 1.620200000000000085e+00
2.070000000000000000e+02 1.624460000000000237e+00
1.020000000000000000e+02 1.624560000000000226e+00
1.350000000000000000e+02 1.625080000000000080e+00
1.190000000000000000e+02 1.627700000000000147e+00
1.850000000000000000e+02 1.627880000000000216e+00
1.470000000000000000e+02 1.628660000000000219e+00
1.440000000000000000e+02 1.629260000000000153e+00
3.000000000000000000e+01 1.629580000000000028e+00
1.400000000000000000e+02 1.629620000000000068e+00
1.900000000000000000e+01 1.630080000000000195e+00
2.260000000000000000e+02 1.635940000000000172e+00
2.080000000000000000e+02 1.636520000000000197e+00
1.020000000000000000e+02 1.637840000000000185e+00
2.180000000000000000e+02 1.639900000000000135e+00
1.970000000000000000e+02 1.642720000000000180e+00
2.060000000000000000e+02 1.643620000000000081e+00
2.140000000000000000e+02 1.643800000000000150e+00
1.800000000000000000e+01 1.644020000000000037e+00
9.000000000000000000e+00 1.645100000000000229e+00
1.070000000000000000e+02 1.646220000000000239e+00
1.700000000000000000e+01 1.652600000000000069e+00
9.700000000000000000e+01 1.654920000000000169e+00
1.610000000000000000e+02 1.655440000000000245e+00
7.000000000000000000e+01 1.655800000000000161e+00
2.160000000000000000e+02 1.658720000000000194e+00
2.120000000000000000e+02 1.659680000000000044e+00
1.070000000000000000e+02 1.661620000000000097e+00
6.600000000000000000e+01 1.663660000000000139e+00
1.700000000000000000e+02 1.664440000000000142e+00
9.300000000000000000e+01 1.664460000000000051e+00
1.300000000000000000e+02 1.667720000000000091e+00
1.620000000000000000e+02 1.668560000000000043e+00
3.000000000000000000e+01 1.671440000000000037e+00
6.900000000000000000e+01 1.675180000000000113e+00
2.210000000000000000e+02 1.676920000000000188e+00
1.440000000000000000e+02 1.677240000000000064e+00
4.700000000000000000e+01 1.679540000000000033e+00
1.220000000000000000e+02 1.684300000000000130e+00
1.500000000000000000e+01 1.688260000000000094e+00
2.200000000000000000e+02 1.701640000000000041e+00
1.040000000000000000e+02 1.707480000000000109e+00
2.330000000000000000e+02 1.711600000000000232e+00
6.100000000000000000e+01 1.714760000000000062e+00
1.680000000000000000e+02 1.718000000000000194e+00
7.600000000000000000e+01 1.725060000000000038e+00
2.120000000000000000e+02 1.726080000000000059e+00
1.590000000000000000e+02 1.732780000000000209e+00
7.500000000000000000e+01 1.733980000000000077e+00
1.850000000000000000e+02 1.735800000000000232e+00
5.100000000000000000e+01 1.736120000000000108e+00
6.500000000000000000e+01 1.736220000000000097e+00
1.200000000000000000e+01 1.740460000000000118e+00
8.300000000000000000e+01 1.740840000000000165e+00
2.380000000000000000e+02 1.740980000000000194e+00
2.270000000000000000e+02 1.741100000000000092e+00
2.390000000000000000e+02 1.742060000000000164e+00
1.810000000000000000e+02 1.747660000000000213e+00
1.770000000000000000e+02 1.750000000000000222e+00
2.180000000000000000e+02 1.750100000000000211e+00
2.700000000000000000e+01 1.752100000000000213e+00
7.800000000000000000e+01 1.753380000000000161e+00
7.900000000000000000e+01 1.753640000000000088e+00
9.300000000000000000e+01 1.754720000000000057e+00
2.800000000000000000e+01 1.755260000000000042e+00
7.500000000000000000e+01 1.758580000000000254e+00
1.900000000000000000e+01 1.758700000000000152e+00
8.400000000000000000e+01 1.766300000000000203e+00
5.200000000000000000e+01 1.769440000000000124e+00
1.890000000000000000e+02 1.770280000000000076e+00
4.600000000000000000e+01 1.772580000000000044e+00
1.960000000000000000e+02 1.774060000000000192e+00
1.920000000000000000e+02 1.774140000000000050e+00
1.540000000000000000e+02 1.775020000000000042e+00
2.320000000000000000e+02 1.775160000000000071e+00
1.270000000000000000e+02 1.781720000000000192e+00
3.500000000000000000e+01 1.781820000000000181e+00
4.100000000000000000e+01 1.782400000000000206e+00
2.020000000000000000e+02 1.786260000000000181e+00
1.450000000000000000e+02 1.789560000000000040e+00
1.250000000000000000e+02 1.789660000000000251e+00
5.600000000000000000e+01 1.793880000000000141e+00
2.500000000000000000e+01 1.796220000000000150e+00
2.200000000000000000e+02 1.796620000000000106e+00
9.500000000000000000e+01 1.799540000000000139e+00
1.290000000000000000e+02 1.801860000000000239e+00
1.260000000000000000e+02 1.802120000000000166e+00
6.300000000000000000e+01 1.803820000000000201e+00
2.350000000000000000e+02 1.804860000000000131e+00
2.230000000000000000e+02 1.805820000000000203e+00
5.300000000000000000e+01 1.806580000000000075e+00
1.140000000000000000e+02 1.807180000000000231e+00
1.640000000000000000e+02 1.808760000000000145e+00
2.100000000000000000e+01 1.811900000000000066e+00
1.980000000000000000e+02 1.812500000000000222e+00
1.250000000000000000e+02 1.814860000000000140e+00
2.010000000000000000e+02 1.816680000000000073e+00
1.630000000000000000e+02 1.817560000000000064e+00
2.310000000000000000e+02 1.817580000000000195e+00
2.340000000000000000e+02 1.822660000000000169e+00
1.510000000000000000e+02 1.827000000000000179e+00
6.100000000000000000e+01 1.828120000000000189e+00
3.000000000000000000e+01 1.831080000000000041e+00
9.200000000000000000e+01 1.833180000000000254e+00
2.290000000000000000e+02 1.834980000000000055e+00
2.200000000000000000e+02 1.837520000000000042e+00
2.900000000000000000e+01 1.845180000000000042e+00
0.000000000000000000e+00 1.846420000000000172e+00
1.060000000000000000e+02 1.846780000000000088e+00
1.730000000000000000e+02 1.846840000000000259e+00
2.190000000000000000e+02 1.846900000000000208e+00
1.000000000000000000e+02 1.847340000000000204e+00
1.340000000000000000e+02 1.849380000000000246e+00
2.120000000000000000e+02 1.853540000000000187e+00
1.640000000000000000e+02 1.854700000000000237e+00
1.650000000000000000e+02 1.855020000000000113e+00
8.400000000000000000e+01 1.859840000000000160e+00
4.300000000000000000e+01 1.861120000000000108e+00
1.800000000000000000e+02 1.863100000000000200e+00
2.300000000000000000e+02 1.864320000000000199e+00
1.000000000000000000e+02 1.864960000000000173e+00
4.000000000000000000e+00 1.866200000000000081e+00
1.450000000000000000e+02 1.869840000000000169e+00
2.000000000000000000e+01 1.870220000000000216e+00
1.550000000000000000e+02 1.871780000000000221e+00
1.890000000000000000e+02 1.872360000000000246e+00
9.000000000000000000e+00 1.873000000000000220e+00
1.360000000000000000e+02 1.873740000000000183e+00
6.600000000000000000e+01 1.874060000000000059e+00
8.900000000000000000e+01 1.877820000000000045e+00
2.350000000000000000e+02 1.878920000000000146e+00
7.000000000000000000e+00 1.879300000000000193e+00
1.690000000000000000e+02 1.879920000000000258e+00
2.000000000000000000e+01 1.880500000000000060e+00
1.310000000000000000e+02 1.880920000000000147e+00
1.050000000000000000e+02 1.882580000000000142e+00
1.660000000000000000e+02 1.883120000000000127e+00
1.910000000000000000e+02 1.886740000000000084e+00
5.600000000000000000e+01 1.886800000000000255e+00
1.920000000000000000e+02 1.889500000000000179e+00
1.280000000000000000e+02 1.889680000000000248e+00
1.080000000000000000e+02 1.891640000000000210e+00
1.820000000000000000e+02 1.895040000000000058e+00
8.800000000000000000e+01 1.895880000000000232e+00
1.320000000000000000e+02 1.897320000000000118e+00
4.800000000000000000e+01 1.899480000000000057e+00
3.700000000000000000e+01 1.900680000000000147e+00
1.400000000000000000e+02 1.901640000000000219e+00
2.190000000000000000e+02 1.902460000000000262e+00
1.620000000000000000e+02 1.905100000000000238e+00
5.000000000000000000e+01 1.905760000000000121e+00
1.700000000000000000e+02 1.905940000000000190e+00
1.510000000000000000e+02 1.907260000000000177e+00
2.000000000000000000e+01 1.908440000000000136e+00
2.090000000000000000e+02 1.910660000000000247e+00
1.400000000000000000e+02 1.910900000000000265e+00
9.000000000000000000e+00 1.914720000000000200e+00
1.990000000000000000e+02 1.920600000000000085e+00
2.140000000000000000e+02 1.928300000000000125e+00
7.700000000000000000e+01 1.931820000000000093e+00
5.800000000000000000e+01 1.932180000000000231e+00
1.150000000000000000e+02 1.935280000000000111e+00
1.690000000000000000e+02 1.939040000000000097e+00
1.360000000000000000e+02 1.941540000000000266e+00
1.670000000000000000e+02 1.942180000000000240e+00
2.210000000000000000e+02 1.944180000000000241e+00
1.820000000000000000e+02 1.944300000000000139e+00
1.980000000000000000e+02 1.944740000000000135e+00
1.370000000000000000e+02 1.952480000000000215e+00
1.400000000000000000e+01 1.954440000000000177e+00
8.900000000000000000e+01 1.956400000000000139e+00
6.600000000000000000e+01 1.957200000000000051e+00
1.450000000000000000e+02 1.963860000000000161e+00
1.750000000000000000e+02 1.967520000000000158e+00
0.000000000000000000e+00 1.970940000000000136e+00
1.800000000000000000e+02 1.971900000000000208e+00
1.250000000000000000e+02 1.976020000000000110e+00
8.900000000000000000e+01 1.977800000000000225e+00
2.000000000000000000e+01 1.979200000000000070e+00
9.400000000000000000e+01 1.980600000000000138e+00
2.160000000000000000e+02 1.981760000000000188e+00
4.200000000000000000e+01 1.982180000000000053e+00
1.440000000000000000e+02 1.982840000000000158e+00
5.100000000000000000e+01 1.983800000000000230e+00
3.700000000000000000e+01 1.985280000000000156e+00
8.000000000000000000e+01 1.987300000000000066e+00
4.600000000000000000e+01 1.987360000000000237e+00
7.100000000000000000e+01 1.989860000000000184e+00
8.000000000000000000e+00 1.996140000000000247e+00
1.990000000000000000e+02 1.997780000000000111e+00
9.200000000000000000e+01 1.999160000000000270e+00
2.500000000000000000e+01 1.999520000000000186e+00
5.900000000000000000e+01 2.000980000000000203e+00
1.280000000000000000e+02 2.003280000000000172e+00
1.050000000000000000e+02 2.008600000000000385e+00
1.990000000000000000e+02 2.011740000000000084e+00
1.430000000000000000e+02 2.012300000000000200e+00
1.600000000000000000e+01 2.014180000000000081e+00
1.980000000000000000e+02 2.017740000000000311e+00
1.900000000000000000e+02 2.019080000000000208e+00
4.600000000000000000e+01 2.019360000000000266e+00
2.340000000000000000e+02 2.019880000000000120e+00
2.370000000000000000e+02 2.021320000000000228e+00
6.400000000000000000e+01 2.023039999999999949e+00
2.060000000000000000e+02 2.034900000000000375e+00
3.100000000000000000e+01 2.035960000000000214e+00
1.130000000000000000e+02 2.037040000000000184e+00
1.510000000000000000e+02 2.039860000000000007e+00
1.200000000000000000e+02 2.045540000000000358e+00
1.030000000000000000e+02 2.052080000000000126e+00
2.080000000000000000e+02 2.052840000000000220e+00
2.800000000000000000e+01 2.056380000000000319e+00
4.100000000000000000e+01 2.057000000000000384e+00
1.340000000000000000e+02 2.057380000000000209e+00
2.360000000000000000e+02 2.057479999999999976e+00
1.680000000000000000e+02 2.058340000000000281e+00
1.820000000000000000e+02 2.060400000000000009e+00
7.000000000000000000e+01 2.060820000000000096e+00
1.100000000000000000e+01 2.062920000000000087e+00
1.350000000000000000e+02 2.068140000000000089e+00
1.650000000000000000e+02 2.068520000000000358e+00
1.970000000000000000e+02 2.074960000000000360e+00
1.170000000000000000e+02 2.075760000000000272e+00
1.980000000000000000e+02 2.076580000000000314e+00
2.310000000000000000e+02 2.077580000000000204e+00
1.610000000000000000e+02 2.077720000000000233e+00
9.500000000000000000e+01 2.079239999999999977e+00
2.400000000000000000e+01 2.079560000000000297e+00
1.800000000000000000e+02 2.079700000000000326e+00
2.210000000000000000e+02 2.080459999999999976e+00
1.150000000000000000e+02 2.081460000000000310e+00
9.700000000000000000e+01 2.082240000000000091e+00
7.700000000000000000e+01 2.088459999999999983e+00
3.900000000000000000e+01 2.089040000000000230e+00
1.880000000000000000e+02 2.102020000000000000e+00
1.970000000000000000e+02 2.106500000000000039e+00
1.020000000000000000e+02 2.106960000000000388e+00
1.030000000000000000e+02 2.107740000000000169e+00
7.000000000000000000e+00 2.107779999999999987e+00
1.950000000000000000e+02 2.108480000000000132e+00
1.730000000000000000e+02 2.126700000000000035e+00
5.600000000000000000e+01 2.128560000000000230e+00
1.310000000000000000e+02 2.132840000000000291e+00
2.260000000000000000e+02 2.138920000000000154e+00
1.590000000000000000e+02 2.142619999999999969e+00
2.140000000000000000e+02 2.150619999999999976e+00
1.200000000000000000e+01 2.151320000000000121e+00
1.040000000000000000e+02 2.159280000000000310e+00
1.000000000000000000e+02 2.159299999999999997e+00
1.000000000000000000e+00 2.159980000000000011e+00
1.780000000000000000e+02 2.168800000000000061e+00
2.900000000000000000e+01 2.170180000000000220e+00
1.420000000000000000e+02 2.170880000000000365e+00
1.200000000000000000e+01 2.171400000000000219e+00
1.150000000000000000e+02 2.174440000000000150e+00
2.360000000000000000e+02 2.178060000000000329e+00
7.600000000000000000e+01 2.182940000000000325e+00
1.670000000000000000e+02 2.187960000000000349e+00
1.800000000000000000e+02 2.189180000000000348e+00
1.700000000000000000e+01 2.190260000000000318e+00
6.200000000000000000e+01 2.195480000000000320e+00
8.800000000000000000e+01 2.197259999999999991e+00
4.800000000000000000e+01 2.198080000000000034e+00
6.600000000000000000e+01 2.198720000000000230e+00
1.770000000000000000e+02 2.200380000000000003e+00
2.300000000000000000e+02 2.203120000000000189e+00
1.320000000000000000e+02 2.203680000000000305e+00
1.380000000000000000e+02 2.210520000000000262e+00
1.720000000000000000e+02 2.212600000000000122e+00
8.600000000000000000e+01 2.213260000000000005e+00
1.860000000000000000e+02 2.216620000000000257e+00
7.100000000000000000e+01 2.234539999999999971e+00
1.380000000000000000e+02 2.239480000000000359e+00
1.870000000000000000e+02 2.246440000000000214e+00
2.000000000000000000e+02 2.248360000000000358e+00
6.400000000000000000e+01 2.252260000000000151e+00
1.830000000000000000e+02 2.253920000000000368e+00
1.910000000000000000e+02 2.254760000000000097e+00
4.400000000000000000e+01 2.256360000000000365e+00
0.000000000000000000e+00 2.257179999999999964e+00
1.730000000000000000e+02 2.259300000000000086e+00
2.000000000000000000e+00 2.259800000000000253e+00
1.160000000000000000e+02 2.260099999999999998e+00
4.700000000000000000e+01 2.265460000000000029e+00
1.090000000000000000e+02 2.265820000000000167e+00
2.400000000000000000e+01 2.266260000000000385e+00
2.180000000000000000e+02 2.272240000000000038e+00
8.900000000000000000e+01 2.272839999999999971e+00
1.610000000000000000e+02 2.273160000000000291e+00
1.240000000000000000e+02 2.275160000000000071e+00
1.100000000000000000e+02 2.276400000000000201e+00
1.170000000000000000e+02 2.279640000000000111e+00
2.170000000000000000e+02 2.288280000000000314e+00
1.910000000000000000e+02 2.289980000000000349e+00
1.900000000000000000e+01 2.291200000000000347e+00
1.400000000000000000e+02 2.291680000000000383e+00
9.900000000000000000e+01 2.294540000000000024e+00
1.860000000000000000e+02 2.301379999999999981e+00
2.260000000000000000e+02 2.301460000000000061e+00
5.900000000000000000e+01 2.304220000000000379e+00
1.050000000000000000e+02 2.307540000000000369e+00
2.070000000000000000e+02 2.315900000000000070e+00
7.700000000000000000e+01 2.328240000000000087e+00
2.500000000000000000e+01 2.330080000000000151e+00
2.010000000000000000e+02 2.338680000000000092e+00
1.030000000000000000e+02 2.341720000000000024e+00
1.260000000000000000e+02 2.356420000000000403e+00
1.710000000000000000e+02 2.357400000000000162e+00
1.050000000000000000e+02 2.359220000000000095e+00
1.010000000000000000e+02 2.361080000000000290e+00
1.140000000000000000e+02 2.365560000000000329e+00
1.000000000000000000e+00 2.365720000000000045e+00
1.500000000000000000e+01 2.366180000000000394e+00
1.520000000000000000e+02 2.366300000000000292e+00
4.700000000000000000e+01 2.366920000000000357e+00
9.000000000000000000e+01 2.367500000000000160e+00
1.940000000000000000e+02 2.373240000000000016e+00
1.930000000000000000e+02 2.375140000000000029e+00
1.800000000000000000e+01 2.378640000000000310e+00
1.100000000000000000e+02 2.380940000000000278e+00
3.200000000000000000e+01 2.382280000000000175e+00
4.100000000000000000e+01 2.382319999999999993e+00
1.410000000000000000e+02 2.385099999999999998e+00
1.990000000000000000e+02 2.389240000000000030e+00
8.300000000000000000e+01 2.393480000000000274e+00
8.900000000000000000e+01 2.393760000000000332e+00
2.120000000000000000e+02 2.394080000000000208e+00
7.500000000000000000e+01 2.395920000000000272e+00
1.210000000000000000e+02 2.397940000000000182e+00
2.080000000000000000e+02 2.398720000000000407e+00
5.800000000000000000e+01 2.406060000000000088e+00
1.480000000000000000e+02 2.408040000000000180e+00
6.600000000000000000e+01 2.408420000000000005e+00
5.500000000000000000e+01 2.409740000000000215e+00
3.600000000000000000e+01 2.411240000000000272e+00
8.600000000000000000e+01 2.411880000000000024e+00
7.900000000000000000e+01 2.418900000000000272e+00
3.000000000000000000e+01 2.419500000000000206e+00
5.200000000000000000e+01 2.421660000000000146e+00
2.310000000000000000e+02 2.422900000000000276e+00
5.900000000000000000e+01 2.426960000000000228e+00
2.050000000000000000e+02 2.428120000000000278e+00
1.990000000000000000e+02 2.433980000000000032e+00
5.200000000000000000e+01 2.435080000000000133e+00
1.140000000000000000e+02 2.436920000000000197e+00
2.700000000000000000e+01 2.444640000000000146e+00
1.870000000000000000e+02 2.445620000000000349e+00
4.700000000000000000e+01 2.446540000000000159e+00
1.330000000000000000e+02 2.452060000000000350e+00
1.190000000000000000e+02 2.453400000000000247e+00
8.800000000000000000e+01 2.461359999999999992e+00
1.440000000000000000e+02 2.463760000000000172e+00
2.290000000000000000e+02 2.463840000000000252e+00
9.900000000000000000e+01 2.467900000000000205e+00
5.800000000000000000e+01 2.470520000000000049e+00
3.400000000000000000e+01 2.470579999999999998e+00
1.510000000000000000e+02 2.470740000000000158e+00
5.000000000000000000e+01 2.477640000000000065e+00
2.060000000000000000e+02 2.478840000000000376e+00
5.500000000000000000e+01 2.483500000000000263e+00
1.430000000000000000e+02 2.483620000000000161e+00
1.010000000000000000e+02 2.484660000000000313e+00
1.780000000000000000e+02 2.488240000000000229e+00
1.100000000000000000e+01 2.488400000000000389e+00
1.870000000000000000e+02 2.488840000000000163e+00
1.070000000000000000e+02 2.490280000000000271e+00
1.700000000000000000e+02 2.501340000000000341e+00
5.300000000000000000e+01 2.501880000000000326e+00
1.490000000000000000e+02 2.502080000000000304e+00
8.500000000000000000e+01 2.503500000000000281e+00
1.810000000000000000e+02 2.504940000000000389e+00
2.080000000000000000e+02 2.514220000000000343e+00
2.010000000000000000e+02 2.519300000000000317e+00
2.200000000000000000e+01 2.525220000000000020e+00
9.400000000000000000e+01 2.525419999999999998e+00
1.530000000000000000e+02 2.526820000000000288e+00
3.200000000000000000e+01 2.527200000000000113e+00
2.040000000000000000e+02 2.529760000000000009e+00
1.000000000000000000e+00 2.533860000000000223e+00
9.000000000000000000e+01 2.535780000000000367e+00
1.330000000000000000e+02 2.536760000000000126e+00
1.400000000000000000e+02 2.537140000000000395e+00
1.560000000000000000e+02 2.537480000000000402e+00
3.900000000000000000e+01 2.537920000000000176e+00
1.150000000000000000e+02 2.538120000000000154e+00
2.150000000000000000e+02 2.548000000000000043e+00
7.900000000000000000e+01 2.549720000000000208e+00
1.640000000000000000e+02 2.553980000000000139e+00
1.700000000000000000e+01 2.554380000000000095e+00
1.840000000000000000e+02 2.560160000000000213e+00
7.700000000000000000e+01 2.561860000000000248e+00
2.300000000000000000e+01 2.565280000000000005e+00
4.000000000000000000e+00 2.568260000000000431e+00
1.770000000000000000e+02 2.570080000000000364e+00
2.390000000000000000e+02 2.572840000000000238e+00
1.970000000000000000e+02 2.575560000000000294e+00
1.720000000000000000e+02 2.581440000000000179e+00
5.300000000000000000e+01 2.581580000000000208e+00
3.600000000000000000e+01 2.582160000000000011e+00
2.900000000000000000e+01 2.584960000000000147e+00
6.000000000000000000e+00 2.588480000000000114e+00
5.800000000000000000e+01 2.590280000000000360e+00
2.250000000000000000e+02 2.590960000000000374e+00
4.000000000000000000e+01 2.592460000000000431e+00
1.810000000000000000e+02 2.595340000000000202e+00
6.900000000000000000e+01 2.596620000000000150e+00
9.000000000000000000e+00 2.596920000000000339e+00
2.120000000000000000e+02 2.601200000000000401e+00
1.380000000000000000e+02 2.603220000000000312e+00
1.860000000000000000e+02 2.603460000000000107e+00
2.070000000000000000e+02 2.603860000000000063e+00
1.180000000000000000e+02 2.604340000000000099e+00
3.300000000000000000e+01 2.604500000000000259e+00
9.300000000000000000e+01 2.606000000000000316e+00
1.500000000000000000e+01 2.606120000000000214e+00
1.990000000000000000e+02 2.606580000000000119e+00
1.910000000000000000e+02 2.606720000000000148e+00
2.380000000000000000e+02 2.607220000000000315e+00
1.970000000000000000e+02 2.607280000000000264e+00
6.200000000000000000e+01 2.608940000000000037e+00
7.400000000000000000e+01 2.609460000000000335e+00
1.350000000000000000e+02 2.612100000000000311e+00
1.110000000000000000e+02 2.613820000000000032e+00
8.900000000000000000e+01 2.614320000000000199e+00
7.900000000000000000e+01 2.616400000000000059e+00
2.180000000000000000e+02 2.619600000000000151e+00
6.300000000000000000e+01 2.619800000000000129e+00
5.000000000000000000e+01 2.619860000000000078e+00
1.570000000000000000e+02 2.622200000000000308e+00
5.000000000000000000e+00 2.626260000000000261e+00
2.110000000000000000e+02 2.626880000000000326e+00
3.500000000000000000e+01 2.627980000000000427e+00
1.360000000000000000e+02 2.629460000000000353e+00
1.140000000000000000e+02 2.630120000000000235e+00
1.030000000000000000e+02 2.630860000000000198e+00
5.400000000000000000e+01 2.633040000000000269e+00
2.100000000000000000e+02 2.633200000000000429e+00
1.670000000000000000e+02 2.641600000000000392e+00
4.000000000000000000e+00 2.648000000000000131e+00
1.360000000000000000e+02 2.650180000000000202e+00
1.300000000000000000e+01 2.659680000000000266e+00
4.300000000000000000e+01 2.660300000000000331e+00
1.650000000000000000e+02 2.663980000000000015e+00
2.200000000000000000e+02 2.664780000000000371e+00
2.220000000000000000e+02 2.666280000000000427e+00
1.490000000000000000e+02 2.666560000000000041e+00
2.250000000000000000e+02 2.668540000000000134e+00
1.370000000000000000e+02 2.670020000000000060e+00
3.700000000000000000e+01 2.673160000000000203e+00
1.800000000000000000e+02 2.673420000000000130e+00
5.000000000000000000e+01 2.674920000000000186e+00
6.400000000000000000e+01 2.675060000000000215e+00
8.200000000000000000e+01 2.675720000000000098e+00
2.010000000000000000e+02 2.675820000000000309e+00
1.250000000000000000e+02 2.676260000000000083e+00
1.650000000000000000e+02 2.676480000000000192e+00
2.230000000000000000e+02 2.676680000000000170e+00
8.700000000000000000e+01 2.677180000000000337e+00
9.100000000000000000e+01 2.678100000000000147e+00
1.160000000000000000e+02 2.679700000000000415e+00
5.200000000000000000e+01 2.680640000000000356e+00
2.000000000000000000e+00 2.680840000000000334e+00
1.230000000000000000e+02 2.685380000000000322e+00
1.010000000000000000e+02 2.687040000000000095e+00
1.470000000000000000e+02 2.689220000000000166e+00
1.950000000000000000e+02 2.691480000000000317e+00
3.600000000000000000e+01 2.692040000000000433e+00
1.640000000000000000e+02 2.693820000000000103e+00
2.340000000000000000e+02 2.696300000000000363e+00
3.100000000000000000e+01 2.700720000000000010e+00
8.800000000000000000e+01 2.701320000000000388e+00
9.000000000000000000e+00 2.704700000000000326e+00
1.130000000000000000e+02 2.706540000000000390e+00
4.500000000000000000e+01 2.706660000000000288e+00
1.370000000000000000e+02 2.707620000000000360e+00
1.720000000000000000e+02 2.707620000000000360e+00
7.300000000000000000e+01 2.709940000000000015e+00
1.000000000000000000e+01 2.713060000000000027e+00
7.600000000000000000e+01 2.713420000000000165e+00
1.570000000000000000e+02 2.714180000000000259e+00
1.510000000000000000e+02 2.715740000000000265e+00
8.600000000000000000e+01 2.718820000000000014e+00
1.970000000000000000e+02 2.720420000000000282e+00
1.750000000000000000e+02 2.720680000000000209e+00
1.060000000000000000e+02 2.727700000000000014e+00
3.300000000000000000e+01 2.730520000000000280e+00
2.290000000000000000e+02 2.732420000000000293e+00
2.330000000000000000e+02 2.732960000000000278e+00
4.200000000000000000e+01 2.732980000000000409e+00
1.590000000000000000e+02 2.733660000000000423e+00
9.900000000000000000e+01 2.734920000000000240e+00
7.300000000000000000e+01 2.736780000000000435e+00
4.400000000000000000e+01 2.737560000000000215e+00
1.050000000000000000e+02 2.738580000000000236e+00
1.420000000000000000e+02 2.739180000000000170e+00
2.090000000000000000e+02 2.740500000000000380e+00
1.040000000000000000e+02 2.742220000000000102e+00
8.800000000000000000e+01 2.746700000000000141e+00
1.500000000000000000e+01 2.747240000000000126e+00
2.300000000000000000e+02 2.747640000000000082e+00
1.620000000000000000e+02 2.748660000000000103e+00
5.000000000000000000e+01 2.749440000000000328e+00
1.390000000000000000e+02 2.752640000000000420e+00
1.400000000000000000e+01 2.753200000000000092e+00
3.300000000000000000e+01 2.754280000000000062e+00
1.770000000000000000e+02 2.754780000000000229e+00
1.890000000000000000e+02 2.755480000000000373e+00
8.500000000000000000e+01 2.756980000000000430e+00
6.600000000000000000e+01 2.757440000000000335e+00
1.760000000000000000e+02 2.761460000000000026e+00
1.080000000000000000e+02 2.761600000000000055e+00
6.400000000000000000e+01 2.761820000000000164e+00
2.300000000000000000e+02 2.761860000000000426e+00
1.140000000000000000e+02 2.767220000000000013e+00
5.100000000000000000e+01 2.768420000000000325e+00
8.100000000000000000e+01 2.769420000000000215e+00
2.040000000000000000e+02 2.781660000000000021e+00
1.510000000000000000e+02 2.781820000000000181e+00
5.000000000000000000e+01 2.782380000000000297e+00
6.800000000000000000e+01 2.782420000000000115e+00
1.260000000000000000e+02 2.783500000000000085e+00
2.270000000000000000e+02 2.784180000000000099e+00
2.250000000000000000e+02 2.788000000000000256e+00
2.150000000000000000e+02 2.792200000000000237e+00
4.700000000000000000e+01 2.794000000000000039e+00
1.130000000000000000e+02 2.797840000000000327e+00
2.380000000000000000e+02 2.798820000000000086e+00
2.700000000000000000e+01 2.799640000000000128e+00
1.330000000000000000e+02 2.800720000000000098e+00
1.370000000000000000e+02 2.811680000000000401e+00
2.360000000000000000e+02 2.811960000000000015e+00
9.100000000000000000e+01 2.812300000000000022e+00
2.370000000000000000e+02 2.813140000000000196e+00
7.400000000000000000e+01 2.814860000000000362e+00
1.000000000000000000e+00 2.816020000000000412e+00
2.000000000000000000e+00 2.816660000000000164e+00
1.440000000000000000e+02 2.821960000000000246e+00
1.230000000000000000e+02 2.825060000000000127e+00
1.570000000000000000e+02 2.831380000000000230e+00
2.340000000000000000e+02 2.834820000000000118e+00
2.290000000000000000e+02 2.840300000000000047e+00
1.900000000000000000e+02 2.843300000000000161e+00
6.900000000000000000e+01 2.844360000000000444e+00
1.910000000000000000e+02 2.847020000000000106e+00
1.200000000000000000e+01 2.847260000000000346e+00
1.380000000000000000e+02 2.847720000000000251e+00
1.460000000000000000e+02 2.849640000000000395e+00
1.620000000000000000e+02 2.851100000000000190e+00
1.750000000000000000e+02 2.855000000000000426e+00
1.280000000000000000e+02 2.857500000000000373e+00
1.600000000000000000e+02 2.862300000000000288e+00
7.200000000000000000e+01 2.862840000000000273e+00
1.370000000000000000e+02 2.863280000000000047e+00
1.860000000000000000e+02 2.864420000000000410e+00
1.700000000000000000e+02 2.864840000000000053e+00
7.100000000000000000e+01 2.870580000000000354e+00
1.080000000000000000e+02 2.871100000000000207e+00
1.140000000000000000e+02 2.872840000000000060e+00
2.360000000000000000e+02 2.874120000000000452e+00
1.380000000000000000e+02 2.875180000000000291e+00
5.300000000000000000e+01 2.875880000000000436e+00
3.800000000000000000e+01 2.885800000000000143e+00
9.600000000000000000e+01 2.885960000000000303e+00
1.300000000000000000e+02 2.889800000000000146e+00
1.180000000000000000e+02 2.892220000000000457e+00
1.950000000000000000e+02 2.894440000000000346e+00
8.000000000000000000e+01 2.895980000000000221e+00
2.000000000000000000e+00 2.896220000000000017e+00
1.530000000000000000e+02 2.896240000000000148e+00
2.130000000000000000e+02 2.900420000000000442e+00
9.200000000000000000e+01 2.901560000000000361e+00
2.170000000000000000e+02 2.909700000000000397e+00
9.000000000000000000e+01 2.910640000000000338e+00
1.330000000000000000e+02 2.910680000000000156e+00
4.200000000000000000e+01 2.916200000000000347e+00
5.500000000000000000e+01 2.916800000000000281e+00
4.700000000000000000e+01 2.920700000000000074e+00
6.000000000000000000e+01 2.921260000000000190e+00
1.260000000000000000e+02 2.923640000000000239e+00
1.310000000000000000e+02 2.923880000000000035e+00
6.200000000000000000e+01 2.924820000000000420e+00
2.100000000000000000e+01 2.925320000000000142e+00
1.380000000000000000e+02 2.927600000000000424e+00
9.400000000000000000e+01 2.928540000000000365e+00
7.200000000000000000e+01 2.932580000000000187e+00
1.720000000000000000e+02 2.932580000000000187e+00
1.330000000000000000e+02 2.933260000000000201e+00
1.370000000000000000e+02 2.934200000000000141e+00
4.900000000000000000e+01 2.937160000000000437e+00
1.000000000000000000e+02 2.938500000000000334e+00
1.120000000000000000e+02 2.938820000000000210e+00
1.900000000000000000e+02 2.946080000000000254e+00
3.500000000000000000e+01 2.952980000000000160e+00
2.040000000000000000e+02 2.955920000000000325e+00
3.800000000000000000e+01 2.958440000000000403e+00
8.000000000000000000e+00 2.959480000000000111e+00
6.500000000000000000e+01 2.962240000000000428e+00
4.700000000000000000e+01 2.962400000000000144e+00
2.200000000000000000e+02 2.963200000000000056e+00
2.290000000000000000e+02 2.966040000000000454e+00
1.300000000000000000e+01 2.968160000000000132e+00
2.030000000000000000e+02 2.968760000000000066e+00
2.000000000000000000e+01 2.969840000000000035e+00
4.500000000000000000e+01 2.970040000000000457e+00
2.500000000000000000e+01 2.972580000000000222e+00
1.620000000000000000e+02 2.974360000000000337e+00
1.370000000000000000e+02 2.979180000000000383e+00
5.800000000000000000e+01 2.984140000000000459e+00
1.720000000000000000e+02 2.984640000000000182e+00
1.360000000000000000e+02 2.985280000000000378e+00
1.940000000000000000e+02 2.987240000000000339e+00
1.880000000000000000e+02 2.988580000000000236e+00
1.270000000000000000e+02 2.989260000000000250e+00
8.000000000000000000e+00 2.994480000000000253e+00
1.550000000000000000e+02 2.995000000000000107e+00
1.260000000000000000e+02 3.000240000000000240e+00
9.000000000000000000e+00 3.000500000000000167e+00
1.990000000000000000e+02 3.001540000000000319e+00
2.700000000000000000e+01 3.002400000000000180e+00
1.470000000000000000e+02 3.003680000000000128e+00
1.040000000000000000e+02 3.004480000000000040e+00
4.600000000000000000e+01 3.004580000000000251e+00
1.940000000000000000e+02 3.004960000000000075e+00
6.600000000000000000e+01 3.005380000000000162e+00
1.400000000000000000e+01 3.006220000000000336e+00
1.830000000000000000e+02 3.006780000000000452e+00
9.400000000000000000e+01 3.008720000000000283e+00
1.520000000000000000e+02 3.010840000000000405e+00
2.070000000000000000e+02 3.011820000000000164e+00
2.360000000000000000e+02 3.011860000000000426e+00
4.900000000000000000e+01 3.013800000000000257e+00
1.640000000000000000e+02 3.013940000000000285e+00
2.370000000000000000e+02 3.014200000000000212e+00
9.300000000000000000e+01 3.014760000000000328e+00
9.000000000000000000e+01 3.015560000000000240e+00
1.800000000000000000e+01 3.018980000000000441e+00
9.700000000000000000e+01 3.020280000000000076e+00
1.490000000000000000e+02 3.023540000000000116e+00
2.330000000000000000e+02 3.024200000000000443e+00
1.700000000000000000e+01 3.024320000000000341e+00
1.220000000000000000e+02 3.025360000000000049e+00
1.200000000000000000e+02 3.025660000000000238e+00
1.860000000000000000e+02 3.025660000000000238e+00
2.150000000000000000e+02 3.029320000000000235e+00
2.800000000000000000e+01 3.030200000000000227e+00
1.400000000000000000e+01 3.030560000000000365e+00
1.600000000000000000e+02 3.031080000000000219e+00
1.850000000000000000e+02 3.032640000000000224e+00
1.960000000000000000e+02 3.032660000000000355e+00
6.300000000000000000e+01 3.033820000000000405e+00
2.210000000000000000e+02 3.038520000000000110e+00
1.640000000000000000e+02 3.040600000000000414e+00
8.100000000000000000e+01 3.041180000000000216e+00
1.350000000000000000e+02 3.041860000000000230e+00
2.240000000000000000e+02 3.045280000000000431e+00
1.290000000000000000e+02 3.050100000000000033e+00
8.200000000000000000e+01 3.052080000000000126e+00
2.210000000000000000e+02 3.054080000000000350e+00
1.960000000000000000e+02 3.056980000000000253e+00
2.310000000000000000e+02 3.058160000000000434e+00
1.850000000000000000e+02 3.060300000000000242e+00
7.500000000000000000e+01 3.062520000000000131e+00
4.400000000000000000e+01 3.063000000000000167e+00
2.900000000000000000e+01 3.067280000000000229e+00
1.900000000000000000e+02 3.067520000000000469e+00
2.280000000000000000e+02 3.069280000000000452e+00
1.300000000000000000e+02 3.070760000000000378e+00
1.400000000000000000e+01 3.084120000000000417e+00
1.060000000000000000e+02 3.094720000000000137e+00
3.500000000000000000e+01 3.094840000000000035e+00
1.530000000000000000e+02 3.095160000000000355e+00
1.430000000000000000e+02 3.095620000000000260e+00
5.800000000000000000e+01 3.097180000000000266e+00
1.780000000000000000e+02 3.100520000000000387e+00
2.050000000000000000e+02 3.104640000000000288e+00
2.800000000000000000e+01 3.104820000000000135e+00
3.800000000000000000e+01 3.108840000000000270e+00
5.600000000000000000e+01 3.113900000000000112e+00
5.400000000000000000e+01 3.117600000000000371e+00
1.490000000000000000e+02 3.118620000000000392e+00
6.300000000000000000e+01 3.122780000000000111e+00
1.750000000000000000e+02 3.127640000000000420e+00
9.000000000000000000e+01 3.129300000000000193e+00
1.680000000000000000e+02 3.129740000000000411e+00
1.960000000000000000e+02 3.130260000000000264e+00
1.800000000000000000e+02 3.130340000000000344e+00
1.580000000000000000e+02 3.134020000000000472e+00
1.820000000000000000e+02 3.138580000000000148e+00
1.000000000000000000e+01 3.143940000000000179e+00
1.220000000000000000e+02 3.146060000000000301e+00
1.090000000000000000e+02 3.147740000000000204e+00
4.000000000000000000e+00 3.154740000000000322e+00
1.100000000000000000e+02 3.159080000000000332e+00
8.800000000000000000e+01 3.159200000000000230e+00
2.160000000000000000e+02 3.159420000000000339e+00
5.300000000000000000e+01 3.161160000000000192e+00
6.600000000000000000e+01 3.162280000000000424e+00
1.040000000000000000e+02 3.165140000000000065e+00
1.900000000000000000e+01 3.165380000000000305e+00
1.370000000000000000e+02 3.168200000000000127e+00
7.700000000000000000e+01 3.172740000000000116e+00
1.600000000000000000e+02 3.174560000000000048e+00
2.210000000000000000e+02 3.174860000000000237e+00
8.000000000000000000e+00 3.175360000000000404e+00
4.300000000000000000e+01 3.176360000000000294e+00
1.080000000000000000e+02 3.179420000000000357e+00
2.300000000000000000e+01 3.180780000000000385e+00
7.800000000000000000e+01 3.183680000000000287e+00
1.700000000000000000e+02 3.185060000000000446e+00
1.860000000000000000e+02 3.188040000000000429e+00
1.560000000000000000e+02 3.189800000000000413e+00
1.100000000000000000e+02 3.190340000000000398e+00
1.320000000000000000e+02 3.194320000000000270e+00
8.400000000000000000e+01 3.198860000000000259e+00
1.350000000000000000e+02 3.199040000000000106e+00
1.980000000000000000e+02 3.200360000000000316e+00
1.550000000000000000e+02 3.203880000000000283e+00
2.190000000000000000e+02 3.204400000000000137e+00
5.300000000000000000e+01 3.206040000000000223e+00
1.110000000000000000e+02 3.206260000000000332e+00
1.140000000000000000e+02 3.207920000000000105e+00
1.750000000000000000e+02 3.209360000000000213e+00
1.130000000000000000e+02 3.211980000000000057e+00
1.510000000000000000e+02 3.213840000000000252e+00
1.250000000000000000e+02 3.219640000000000057e+00
1.680000000000000000e+02 3.219980000000000064e+00
1.200000000000000000e+02 3.220680000000000209e+00
9.500000000000000000e+01 3.220720000000000471e+00
1.710000000000000000e+02 3.220840000000000369e+00
1.260000000000000000e+02 3.227940000000000254e+00
1.730000000000000000e+02 3.228400000000000158e+00
1.510000000000000000e+02 3.229560000000000208e+00
2.350000000000000000e+02 3.231000000000000316e+00
9.500000000000000000e+01 3.232080000000000286e+00
3.900000000000000000e+01 3.233160000000000256e+00
1.200000000000000000e+01 3.233380000000000365e+00
2.030000000000000000e+02 3.234660000000000313e+00
7.000000000000000000e+01 3.235780000000000101e+00
1.090000000000000000e+02 3.237700000000000244e+00
2.270000000000000000e+02 3.240540000000000198e+00
2.000000000000000000e+00 3.242020000000000124e+00
2.010000000000000000e+02 3.242320000000000313e+00
2.340000000000000000e+02 3.247800000000000242e+00
2.040000000000000000e+02 3.249100000000000321e+00
6.700000000000000000e+01 3.253240000000000354e+00
1.400000000000000000e+02 3.254040000000000266e+00
1.500000000000000000e+02 3.254380000000000273e+00
1.520000000000000000e+02 3.257940000000000058e+00
2.180000000000000000e+02 3.258760000000000101e+00
2.000000000000000000e+01 3.262280000000000069e+00
2.600000000000000000e+01 3.262920000000000265e+00
0.000000000000000000e+00 3.267360000000000486e+00
1.400000000000000000e+01 3.272980000000000445e+00
7.900000000000000000e+01 3.274580000000000268e+00
1.870000000000000000e+02 3.274980000000000224e+00
1.090000000000000000e+02 3.275580000000000158e+00
2.300000000000000000e+02 3.276080000000000325e+00
7.500000000000000000e+01 3.282480000000000064e+00
2.030000000000000000e+02 3.284660000000000135e+00
2.140000000000000000e+02 3.286280000000000090e+00
1.990000000000000000e+02 3.286880000000000468e+00
6.900000000000000000e+01 3.291040000000000187e+00
1.180000000000000000e+02 3.291580000000000172e+00
1.100000000000000000e+01 3.291620000000000434e+00
1.680000000000000000e+02 3.291860000000000230e+00
1.340000000000000000e+02 3.292300000000000448e+00
1.710000000000000000e+02 3.294720000000000315e+00
1.570000000000000000e+02 3.296320000000000139e+00
4.900000000000000000e+01 3.296700000000000408e+00
4.300000000000000000e+01 3.297880000000000145e+00
5.800000000000000000e+01 3.302160000000000206e+00
5.000000000000000000e+00 3.306840000000000224e+00
1.890000000000000000e+02 3.307640000000000136e+00
4.100000000000000000e+01 3.308180000000000121e+00
4.200000000000000000e+01 3.309240000000000403e+00
2.210000000000000000e+02 3.312020000000000408e+00
2.400000000000000000e+01 3.314980000000000260e+00
1.140000000000000000e+02 3.323440000000000172e+00
6.700000000000000000e+01 3.325000000000000178e+00
1.950000000000000000e+02 3.329420000000000268e+00
5.800000000000000000e+01 3.335920000000000218e+00
1.720000000000000000e+02 3.336240000000000094e+00
2.250000000000000000e+02 3.343800000000000328e+00
1.360000000000000000e+02 3.346820000000000128e+00
9.300000000000000000e+01 3.347020000000000106e+00
5.300000000000000000e+01 3.347320000000000295e+00
5.000000000000000000e+00 3.348420000000000396e+00
1.320000000000000000e+02 3.356640000000000068e+00
2.370000000000000000e+02 3.357280000000000264e+00
2.190000000000000000e+02 3.357740000000000169e+00
1.330000000000000000e+02 3.359240000000000226e+00
7.500000000000000000e+01 3.361200000000000188e+00
2.120000000000000000e+02 3.361860000000000070e+00
4.200000000000000000e+01 3.369800000000000129e+00
2.350000000000000000e+02 3.377980000000000427e+00
4.800000000000000000e+01 3.378660000000000441e+00
2.070000000000000000e+02 3.388100000000000112e+00
1.720000000000000000e+02 3.390260000000000495e+00
1.710000000000000000e+02 3.391720000000000290e+00
5.300000000000000000e+01 3.391740000000000421e+00
9.300000000000000000e+01 3.393800000000000150e+00
3.300000000000000000e+01 3.403360000000000163e+00
1.260000000000000000e+02 3.409780000000000477e+00
1.090000000000000000e+02 3.417720000000000091e+00
7.700000000000000000e+01 3.418900000000000272e+00
1.210000000000000000e+02 3.420540000000000358e+00
2.380000000000000000e+02 3.425340000000000273e+00
1.900000000000000000e+01 3.426840000000000330e+00
5.300000000000000000e+01 3.427880000000000482e+00
1.760000000000000000e+02 3.428180000000000227e+00
6.000000000000000000e+00 3.434820000000000206e+00
2.000000000000000000e+02 3.435120000000000395e+00
1.170000000000000000e+02 3.437360000000000415e+00
9.900000000000000000e+01 3.437980000000000480e+00
2.010000000000000000e+02 3.438460000000000072e+00
1.940000000000000000e+02 3.438700000000000312e+00
2.500000000000000000e+01 3.439420000000000144e+00
8.000000000000000000e+01 3.440000000000000391e+00
8.000000000000000000e+01 3.453020000000000422e+00
1.660000000000000000e+02 3.455700000000000216e+00
1.690000000000000000e+02 3.456900000000000084e+00
1.860000000000000000e+02 3.460700000000000109e+00
1.890000000000000000e+02 3.460960000000000480e+00
5.300000000000000000e+01 3.467100000000000293e+00
1.760000000000000000e+02 3.467720000000000358e+00
1.360000000000000000e+02 3.469200000000000284e+00
2.180000000000000000e+02 3.475020000000000220e+00
2.230000000000000000e+02 3.478980000000000405e+00
1.790000000000000000e+02 3.484400000000000386e+00
1.800000000000000000e+02 3.486680000000000224e+00
1.980000000000000000e+02 3.488000000000000433e+00
1.550000000000000000e+02 3.491000000000000103e+00
1.680000000000000000e+02 3.492740000000000400e+00
9.200000000000000000e+01 3.494600000000000151e+00
2.260000000000000000e+02 3.504320000000000324e+00
1.900000000000000000e+01 3.505020000000000469e+00
2.120000000000000000e+02 3.507060000000000066e+00
4.800000000000000000e+01 3.510180000000000078e+00
1.020000000000000000e+02 3.512400000000000411e+00
2.140000000000000000e+02 3.522840000000000416e+00
1.290000000000000000e+02 3.524920000000000275e+00
1.830000000000000000e+02 3.525360000000000493e+00
2.500000000000000000e+01 3.537140000000000395e+00
1.330000000000000000e+02 3.540520000000000334e+00
2.210000000000000000e+02 3.540580000000000283e+00
1.310000000000000000e+02 3.540740000000000443e+00
1.040000000000000000e+02 3.542240000000000499e+00
1.100000000000000000e+01 3.550300000000000455e+00
1.200000000000000000e+01 3.551580000000000403e+00
1.420000000000000000e+02 3.552300000000000235e+00
2.340000000000000000e+02 3.554620000000000335e+00
2.170000000000000000e+02 3.555500000000000327e+00
4.400000000000000000e+01 3.555620000000000225e+00
5.000000000000000000e+01 3.556040000000000312e+00
7.200000000000000000e+01 3.569500000000000117e+00
8.000000000000000000e+00 3.572040000000000326e+00
2.010000000000000000e+02 3.573180000000000245e+00
1.640000000000000000e+02 3.576260000000000439e+00
2.120000000000000000e+02 3.583840000000000359e+00
1.300000000000000000e+02 3.587840000000000362e+00
2.100000000000000000e+02 3.587900000000000311e+00
2.250000000000000000e+02 3.588260000000000449e+00
1.680000000000000000e+02 3.588960000000000150e+00
2.200000000000000000e+01 3.597960000000000491e+00
8.300000000000000000e+01 3.602480000000000349e+00
1.400000000000000000e+02 3.602740000000000276e+00
1.000000000000000000e+02 3.604100000000000303e+00
2.310000000000000000e+02 3.608940000000000481e+00
1.030000000000000000e+02 3.613020000000000120e+00
5.700000000000000000e+01 3.613840000000000163e+00
1.300000000000000000e+02 3.615940000000000154e+00
8.900000000000000000e+01 3.617500000000000160e+00
9.500000000000000000e+01 3.618060000000000276e+00
2.240000000000000000e+02 3.621860000000000301e+00
7.300000000000000000e+01 3.629400000000000404e+00
1.150000000000000000e+02 3.631300000000000416e+00
2.020000000000000000e+02 3.635280000000000289e+00
1.320000000000000000e+02 3.637260000000000382e+00
2.000000000000000000e+01 3.643480000000000274e+00
2.100000000000000000e+01 3.643720000000000514e+00
1.940000000000000000e+02 3.649740000000000428e+00
1.280000000000000000e+02 3.652300000000000324e+00
1.170000000000000000e+02 3.652600000000000513e+00
6.900000000000000000e+01 3.658960000000000434e+00
9.000000000000000000e+01 3.662640000000000118e+00
1.190000000000000000e+02 3.662720000000000198e+00
5.000000000000000000e+01 3.663340000000000263e+00
1.590000000000000000e+02 3.663540000000000241e+00
2.130000000000000000e+02 3.671080000000000343e+00
2.300000000000000000e+02 3.671660000000000146e+00
3.500000000000000000e+01 3.675380000000000091e+00
1.000000000000000000e+02 3.677880000000000482e+00
6.100000000000000000e+01 3.691120000000000179e+00
5.400000000000000000e+01 3.695820000000000327e+00
4.500000000000000000e+01 3.701620000000000132e+00
8.200000000000000000e+01 3.703880000000000283e+00
2.100000000000000000e+01 3.715920000000000112e+00
8.300000000000000000e+01 3.727520000000000167e+00
1.080000000000000000e+02 3.730120000000000324e+00
1.100000000000000000e+01 3.781640000000000335e+00
2.180000000000000000e+02 3.788980000000000459e+00
6.400000000000000000e+01 3.791580000000000172e+00
1.140000000000000000e+02 3.793200000000000127e+00
1.900000000000000000e+02 3.798020000000000174e+00
5.300000000000000000e+01 3.809160000000000323e+00
1.810000000000000000e+02 3.822300000000000253e+00
7.300000000000000000e+01 3.823540000000000383e+00
1.460000000000000000e+02 3.824040000000000106e+00
1.730000000000000000e+02 3.827040000000000219e+00
2.310000000000000000e+02 3.828300000000000480e+00
2.100000000000000000e+02 3.828520000000000145e+00
1.280000000000000000e+02 3.831140000000000434e+00
1.510000000000000000e+02 3.833000000000000185e+00
2.270000000000000000e+02 3.833800000000000097e+00
8.400000000000000000e+01 3.837420000000000275e+00
4.400000000000000000e+01 3.837860000000000493e+00
2.180000000000000000e+02 3.839920000000000222e+00
1.830000000000000000e+02 3.842720000000000358e+00
1.310000000000000000e+02 3.844040000000000123e+00
5.000000000000000000e+00 3.845300000000000384e+00
7.400000000000000000e+01 3.845760000000000289e+00
6.900000000000000000e+01 3.850620000000000154e+00
5.900000000000000000e+01 3.854760000000000186e+00
1.730000000000000000e+02 3.859920000000000240e+00
1.600000000000000000e+01 3.862480000000000135e+00
2.010000000000000000e+02 3.864300000000000512e+00
3.000000000000000000e+00 3.868420000000000414e+00
1.500000000000000000e+01 3.870900000000000230e+00
2.370000000000000000e+02 3.875960000000000516e+00
2.400000000000000000e+01 3.876620000000000399e+00
2.280000000000000000e+02 3.882140000000000146e+00
1.600000000000000000e+01 3.883280000000000509e+00
1.300000000000000000e+01 3.883540000000000436e+00
1.200000000000000000e+02 3.895920000000000272e+00
4.500000000000000000e+01 3.897300000000000431e+00
5.900000000000000000e+01 3.900220000000000464e+00
1.000000000000000000e+01 3.901460000000000150e+00
1.730000000000000000e+02 3.906180000000000430e+00
6.500000000000000000e+01 3.910720000000000418e+00
1.640000000000000000e+02 3.922280000000000211e+00
1.750000000000000000e+02 3.922960000000000225e+00
6.400000000000000000e+01 3.922980000000000356e+00
5.800000000000000000e+01 3.923360000000000181e+00
4.600000000000000000e+01 3.923460000000000392e+00
1.920000000000000000e+02 3.926000000000000156e+00
1.460000000000000000e+02 3.928360000000000518e+00
1.060000000000000000e+02 3.928900000000000503e+00
2.170000000000000000e+02 3.935720000000000329e+00
1.120000000000000000e+02 3.947960000000000136e+00
8.200000000000000000e+01 3.949180000000000135e+00
7.200000000000000000e+01 3.949880000000000280e+00
1.950000000000000000e+02 3.949880000000000280e+00
1.200000000000000000e+02 3.953960000000000363e+00
1.060000000000000000e+02 3.957460000000000200e+00
2.700000000000000000e+01 3.960740000000000371e+00
1.960000000000000000e+02 3.966600000000000126e+00
1.550000000000000000e+02 3.968540000000000401e+00
4.100000000000000000e+01 3.970800000000000107e+00
3.100000000000000000e+01 3.972760000000000513e+00
1.760000000000000000e+02 3.973740000000000272e+00
1.680000000000000000e+02 3.973800000000000221e+00
1.940000000000000000e+02 3.974800000000000111e+00
2.250000000000000000e+02 3.977780000000000538e+00
1.120000000000000000e+02 3.981720000000000148e+00
4.900000000000000000e+01 3.986760000000000304e+00
8.100000000000000000e+01 4.002299999999999969e+00
1.230000000000000000e+02 4.002380000000000493e+00
2.170000000000000000e+02 4.004199999999999982e+00
2.100000000000000000e+01 4.004879999999999995e+00
2.090000000000000000e+02 4.005540000000000767e+00
1.890000000000000000e+02 4.006099999999999994e+00
4.000000000000000000e+01 4.012000000000000455e+00
3.600000000000000000e+01 4.013200000000000323e+00
2.390000000000000000e+02 4.016020000000000145e+00
4.400000000000000000e+01 4.016880000000000450e+00
5.600000000000000000e+01 4.018440000000000012e+00
1.230000000000000000e+02 4.018760000000000332e+00
2.260000000000000000e+02 4.020459999999999923e+00
1.190000000000000000e+02 4.022940000000000182e+00
7.400000000000000000e+01 4.024399999999999977e+00
9.800000000000000000e+01 4.033339999999999925e+00
1.420000000000000000e+02 4.035099999999999909e+00
6.400000000000000000e+01 4.037980000000000125e+00
1.100000000000000000e+02 4.044859999999999900e+00
2.040000000000000000e+02 4.053420000000000023e+00
6.600000000000000000e+01 4.054320000000000590e+00
2.160000000000000000e+02 4.054440000000000488e+00
2.110000000000000000e+02 4.056900000000000617e+00
1.510000000000000000e+02 4.058159999999999989e+00
1.830000000000000000e+02 4.066320000000000157e+00
1.670000000000000000e+02 4.066460000000000186e+00
1.090000000000000000e+02 4.073199999999999932e+00
3.600000000000000000e+01 4.073560000000000514e+00
2.200000000000000000e+02 4.073720000000000674e+00
4.500000000000000000e+01 4.078759999999999941e+00
1.980000000000000000e+02 4.080200000000000493e+00
7.000000000000000000e+00 4.085620000000000474e+00
2.300000000000000000e+02 4.087020000000000763e+00
0.000000000000000000e+00 4.087340000000000195e+00
2.050000000000000000e+02 4.087360000000000326e+00
3.000000000000000000e+01 4.089640000000000164e+00
1.620000000000000000e+02 4.090100000000000513e+00
1.670000000000000000e+02 4.090240000000000542e+00
3.000000000000000000e+00 4.093620000000000481e+00
6.900000000000000000e+01 4.099400000000000155e+00
2.500000000000000000e+01 4.100940000000000474e+00
6.900000000000000000e+01 4.109539999999999971e+00
1.650000000000000000e+02 4.109660000000000757e+00
2.180000000000000000e+02 4.111839999999999939e+00
9.200000000000000000e+01 4.133780000000000676e+00
2.050000000000000000e+02 4.142000000000000348e+00
2.500000000000000000e+01 4.143420000000000769e+00
6.000000000000000000e+01 4.143680000000000696e+00
1.620000000000000000e+02 4.177540000000000475e+00
1.820000000000000000e+02 4.188060000000000116e+00
1.200000000000000000e+01 4.190160000000000551e+00
2.800000000000000000e+01 4.202399999999999913e+00
6.200000000000000000e+01 4.207220000000000404e+00
1.530000000000000000e+02 4.210080000000000489e+00
3.000000000000000000e+00 4.218560000000000088e+00
5.600000000000000000e+01 4.223980000000000068e+00
1.110000000000000000e+02 4.229540000000000077e+00
2.200000000000000000e+02 4.231279999999999930e+00
2.360000000000000000e+02 4.231819999999999915e+00
1.030000000000000000e+02 4.241200000000000081e+00
2.160000000000000000e+02 4.242420000000000080e+00
1.080000000000000000e+02 4.246860000000000746e+00
1.650000000000000000e+02 4.249579999999999913e+00
1.510000000000000000e+02 4.253340000000000565e+00
8.700000000000000000e+01 4.253800000000000026e+00
2.160000000000000000e+02 4.258820000000000050e+00
2.140000000000000000e+02 4.267140000000000377e+00
2.150000000000000000e+02 4.267980000000000551e+00
2.390000000000000000e+02 4.276880000000000237e+00
2.370000000000000000e+02 4.287279999999999980e+00
1.500000000000000000e+01 4.302360000000000184e+00
5.000000000000000000e+01 4.302360000000000184e+00
1.300000000000000000e+02 4.304160000000000430e+00
1.460000000000000000e+02 4.304260000000000197e+00
4.900000000000000000e+01 4.309700000000000308e+00
9.800000000000000000e+01 4.316880000000000273e+00
6.300000000000000000e+01 4.324580000000000091e+00
7.300000000000000000e+01 4.333260000000000112e+00
8.200000000000000000e+01 4.338560000000000194e+00
3.700000000000000000e+01 4.350859999999999950e+00
5.900000000000000000e+01 4.351900000000000546e+00
2.280000000000000000e+02 4.352580000000000560e+00
1.030000000000000000e+02 4.358980000000000743e+00
7.300000000000000000e+01 4.366020000000000678e+00
2.340000000000000000e+02 4.367600000000000371e+00
2.230000000000000000e+02 4.370260000000000034e+00
2.000000000000000000e+02 4.371199999999999974e+00
1.470000000000000000e+02 4.372100000000000541e+00
1.590000000000000000e+02 4.379500000000000171e+00
1.260000000000000000e+02 4.380220000000000447e+00
1.830000000000000000e+02 4.388780000000000570e+00
1.150000000000000000e+02 4.397560000000000358e+00
1.270000000000000000e+02 4.398460000000000036e+00
9.600000000000000000e+01 4.401159999999999961e+00
4.200000000000000000e+01 4.403120000000000367e+00
1.800000000000000000e+02 4.405460000000000598e+00
2.390000000000000000e+02 4.405860000000000554e+00
8.200000000000000000e+01 4.406920000000000393e+00
1.910000000000000000e+02 4.414840000000000764e+00
1.220000000000000000e+02 4.423540000000000028e+00
3.700000000000000000e+01 4.430579999999999963e+00
1.160000000000000000e+02 4.431400000000000006e+00
1.830000000000000000e+02 4.443640000000000256e+00
1.870000000000000000e+02 4.444760000000000488e+00
1.570000000000000000e+02 4.445580000000000531e+00
1.220000000000000000e+02 4.448060000000000791e+00
7.900000000000000000e+01 4.453820000000000334e+00
2.220000000000000000e+02 4.455900000000000638e+00
1.150000000000000000e+02 4.460260000000000780e+00
1.500000000000000000e+02 4.462820000000000675e+00
1.320000000000000000e+02 4.467480000000000118e+00
8.100000000000000000e+01 4.470420000000000726e+00
2.310000000000000000e+02 4.470640000000000391e+00
8.900000000000000000e+01 4.472560000000000535e+00
2.080000000000000000e+02 4.474420000000000286e+00
1.700000000000000000e+01 4.475640000000000285e+00
2.060000000000000000e+02 4.475640000000000285e+00
1.780000000000000000e+02 4.476240000000000663e+00
2.000000000000000000e+00 4.477079999999999949e+00
2.330000000000000000e+02 4.486480000000000246e+00
1.790000000000000000e+02 4.487060000000000493e+00
1.980000000000000000e+02 4.496860000000000746e+00
1.670000000000000000e+02 4.497860000000000191e+00
1.610000000000000000e+02 4.505900000000000460e+00
7.000000000000000000e+00 4.507179999999999964e+00
1.500000000000000000e+01 4.517100000000000115e+00
1.400000000000000000e+02 4.519620000000000637e+00
2.390000000000000000e+02 4.519720000000000404e+00
2.180000000000000000e+02 4.521720000000000184e+00
8.700000000000000000e+01 4.523160000000000736e+00
1.650000000000000000e+02 4.524900000000000588e+00
5.300000000000000000e+01 4.537400000000000766e+00
1.680000000000000000e+02 4.542800000000000615e+00
4.000000000000000000e+01 4.553840000000000110e+00
1.710000000000000000e+02 4.559200000000000585e+00
1.810000000000000000e+02 4.565000000000000391e+00
6.200000000000000000e+01 4.568180000000000796e+00
2.500000000000000000e+01 4.568340000000000067e+00
1.660000000000000000e+02 4.569740000000000357e+00
1.650000000000000000e+02 4.571400000000000574e+00
2.160000000000000000e+02 4.571480000000000210e+00
5.300000000000000000e+01 4.571920000000000428e+00
8.100000000000000000e+01 4.573140000000000427e+00
2.090000000000000000e+02 4.573900000000000077e+00
1.100000000000000000e+02 4.576020000000000643e+00
2.120000000000000000e+02 4.576340000000000074e+00
4.800000000000000000e+01 4.578920000000000101e+00
2.300000000000000000e+02 4.579880000000000173e+00
1.740000000000000000e+02 4.581860000000000710e+00
2.350000000000000000e+02 4.584640000000000271e+00
2.130000000000000000e+02 4.584780000000000300e+00
1.330000000000000000e+02 4.588160000000000238e+00
1.610000000000000000e+02 4.592820000000000569e+00
1.550000000000000000e+02 4.597060000000000812e+00
1.190000000000000000e+02 4.598940000000000694e+00
7.000000000000000000e+00 4.600440000000000751e+00
1.410000000000000000e+02 4.601740000000000386e+00
1.430000000000000000e+02 4.612000000000000099e+00
5.600000000000000000e+01 4.612540000000000084e+00
4.300000000000000000e+01 4.624179999999999957e+00
4.000000000000000000e+01 4.624319999999999986e+00
1.650000000000000000e+02 4.625100000000000655e+00
1.340000000000000000e+02 4.625660000000000771e+00
1.840000000000000000e+02 4.625920000000000698e+00
2.600000000000000000e+01 4.637800000000000367e+00
1.160000000000000000e+02 4.638380000000000614e+00
5.800000000000000000e+01 4.640460000000000029e+00
5.200000000000000000e+01 4.641140000000000043e+00
1.960000000000000000e+02 4.646800000000000708e+00
1.000000000000000000e+00 4.647520000000000095e+00
1.500000000000000000e+02 4.657160000000000188e+00
2.400000000000000000e+01 4.659299999999999997e+00
1.360000000000000000e+02 4.660880000000000578e+00
2.370000000000000000e+02 4.663820000000000299e+00
3.100000000000000000e+01 4.664540000000000575e+00
1.170000000000000000e+02 4.665980000000000238e+00
2.500000000000000000e+01 4.669200000000000017e+00
5.200000000000000000e+01 4.672500000000000320e+00
6.000000000000000000e+00 4.673140000000000072e+00
2.110000000000000000e+02 4.673920000000000741e+00
6.400000000000000000e+01 4.677720000000000766e+00
2.040000000000000000e+02 4.683280000000000776e+00
1.890000000000000000e+02 4.684040000000000425e+00
1.820000000000000000e+02 4.685740000000000016e+00
1.030000000000000000e+02 4.688500000000000334e+00
1.700000000000000000e+02 4.690339999999999954e+00
9.200000000000000000e+01 4.693760000000000154e+00
1.500000000000000000e+01 4.694620000000000459e+00
1.400000000000000000e+02 4.695180000000000575e+00
2.240000000000000000e+02 4.695200000000000706e+00
1.300000000000000000e+02 4.695440000000000502e+00
1.060000000000000000e+02 4.695740000000000691e+00
4.300000000000000000e+01 4.697119999999999962e+00
8.100000000000000000e+01 4.698540000000000383e+00
1.550000000000000000e+02 4.700060000000000571e+00
5.300000000000000000e+01 4.701480000000000103e+00
4.800000000000000000e+01 4.703280000000000349e+00
2.200000000000000000e+02 4.703500000000000014e+00
1.830000000000000000e+02 4.707180000000000142e+00
1.280000000000000000e+02 4.708260000000000112e+00
1.040000000000000000e+02 4.710440000000000182e+00
9.300000000000000000e+01 4.710940000000000794e+00
3.000000000000000000e+01 4.711680000000000312e+00
4.800000000000000000e+01 4.713900000000000645e+00
4.100000000000000000e+01 4.715440000000000076e+00
1.760000000000000000e+02 4.716800000000000104e+00
8.000000000000000000e+00 4.717000000000000526e+00
8.100000000000000000e+01 4.720140000000000668e+00
2.130000000000000000e+02 4.721280000000000143e+00
1.710000000000000000e+02 4.721700000000000230e+00
6.500000000000000000e+01 4.728979999999999961e+00
1.360000000000000000e+02 4.732820000000000249e+00
1.790000000000000000e+02 4.735060000000000713e+00
2.140000000000000000e+02 4.735100000000000087e+00
1.950000000000000000e+02 4.740500000000000824e+00
1.770000000000000000e+02 4.742520000000000735e+00
1.590000000000000000e+02 4.742700000000000138e+00
1.630000000000000000e+02 4.743680000000000341e+00
1.150000000000000000e+02 4.744920000000000471e+00
1.180000000000000000e+02 4.745160000000000267e+00
1.840000000000000000e+02 4.745659999999999989e+00
1.230000000000000000e+02 4.747520000000000628e+00
9.000000000000000000e+00 4.756840000000000401e+00
2.240000000000000000e+02 4.756840000000000401e+00
3.100000000000000000e+01 4.757179999999999964e+00
1.640000000000000000e+02 4.757859999999999978e+00
2.230000000000000000e+02 4.761680000000000135e+00
1.930000000000000000e+02 4.762400000000000411e+00
5.700000000000000000e+01 4.762440000000000673e+00
1.420000000000000000e+02 4.762820000000000498e+00
5.600000000000000000e+01 4.764440000000000452e+00
1.140000000000000000e+02 4.765120000000000466e+00
2.070000000000000000e+02 4.766900000000000581e+00
3.000000000000000000e+01 4.769620000000000637e+00
1.470000000000000000e+02 4.771180000000000199e+00
1.940000000000000000e+02 4.772740000000000649e+00
2.350000000000000000e+02 4.776320000000000121e+00
7.000000000000000000e+01 4.777900000000000702e+00
2.030000000000000000e+02 4.778140000000000498e+00
7.100000000000000000e+01 4.778220000000000134e+00
1.840000000000000000e+02 4.779660000000000686e+00
3.000000000000000000e+00 4.783160000000000522e+00
8.500000000000000000e+01 4.785580000000000389e+00
9.000000000000000000e+00 4.793980000000000352e+00
6.400000000000000000e+01 4.799800000000000288e+00
1.700000000000000000e+02 4.800260000000000637e+00
2.380000000000000000e+02 4.811120000000000729e+00
2.130000000000000000e+02 4.815860000000000696e+00
5.500000000000000000e+01 4.816720000000000113e+00
1.300000000000000000e+02 4.824180000000000135e+00
2.090000000000000000e+02 4.824240000000000528e+00
1.000000000000000000e+01 4.825380000000000003e+00
2.900000000000000000e+01 4.827840000000000131e+00
1.060000000000000000e+02 4.840480000000000338e+00
5.100000000000000000e+01 4.841520000000000046e+00
4.500000000000000000e+01 4.842999999999999972e+00
9.300000000000000000e+01 4.845780000000000420e+00
9.700000000000000000e+01 4.848280000000000811e+00
2.100000000000000000e+01 4.848559999999999981e+00
3.700000000000000000e+01 4.849480000000000679e+00
2.800000000000000000e+01 4.850999999999999979e+00
1.050000000000000000e+02 4.851480000000000459e+00
5.700000000000000000e+01 4.852880000000000749e+00
2.140000000000000000e+02 4.853640000000000398e+00
2.000000000000000000e+01 4.858859999999999957e+00
2.180000000000000000e+02 4.860560000000000436e+00
1.560000000000000000e+02 4.867520000000000735e+00
4.900000000000000000e+01 4.867720000000000269e+00
2.260000000000000000e+02 4.872060000000000279e+00
1.940000000000000000e+02 4.872600000000000264e+00
3.000000000000000000e+01 4.876720000000000610e+00
9.000000000000000000e+01 4.877920000000000478e+00
1.860000000000000000e+02 4.878260000000000041e+00
1.600000000000000000e+01 4.879640000000000200e+00
5.800000000000000000e+01 4.881099999999999994e+00
8.100000000000000000e+01 4.885080000000000311e+00
2.000000000000000000e+02 4.890000000000000568e+00
1.890000000000000000e+02 4.890760000000000218e+00
4.600000000000000000e+01 4.892360000000000042e+00
3.000000000000000000e+00 4.902540000000000120e+00
1.690000000000000000e+02 4.906740000000000101e+00
1.910000000000000000e+02 4.908180000000000653e+00
1.500000000000000000e+01 4.909820000000000739e+00
1.890000000000000000e+02 4.909839999999999982e+00
1.820000000000000000e+02 4.910120000000000040e+00
4.700000000000000000e+01 4.916640000000000121e+00
1.700000000000000000e+02 4.921080000000000787e+00
5.900000000000000000e+01 4.925440000000000040e+00
1.370000000000000000e+02 4.926060000000000549e+00
6.900000000000000000e+01 4.932080000000000020e+00
2.110000000000000000e+02 4.933060000000000223e+00
9.600000000000000000e+01 4.933480000000000310e+00
1.470000000000000000e+02 4.934120000000000061e+00
8.200000000000000000e+01 4.935260000000000424e+00
8.000000000000000000e+01 4.944139999999999979e+00
1.000000000000000000e+01 4.952860000000000262e+00
1.020000000000000000e+02 4.956120000000000303e+00
1.730000000000000000e+02 4.964660000000000295e+00
1.800000000000000000e+01 4.967400000000000482e+00
1.380000000000000000e+02 4.968740000000000379e+00
6.100000000000000000e+01 4.973060000000000258e+00
1.900000000000000000e+02 4.974260000000000126e+00
2.320000000000000000e+02 4.974260000000000126e+00
2.300000000000000000e+02 4.983060000000000045e+00
2.700000000000000000e+01 4.983260000000000467e+00
1.390000000000000000e+02 4.988500000000000156e+00
1.440000000000000000e+02 4.991620000000000168e+00
1.100000000000000000e+02 4.992340000000000444e+00
8.800000000000000000e+01 4.997500000000000497e+00
5.000000000000000000e+00 4.998639999999999972e+00
