1.800000000000000000e+02 3.898000000000000076e-02
1.500000000000000000e+01 7.248000000000000276e-02
4.100000000000000000e+01 7.264000000000001012e-02
1.550000000000000000e+02 7.477999999999999925e-02
2.350000000000000000e+02 8.148000000000001075e-02
9.600000000000000000e+01 8.436000000000000443e-02
2.060000000000000000e+02 8.488000000000001100e-02
4.100000000000000000e+01 9.206000000000000294e-02
8.500000000000000000e+01 9.844000000000001360e-02
2.050000000000000000e+02 1.003600000000000048e-01
1.090000000000000000e+02 1.113600000000000145e-01
5.700000000000000000e+01 1.172600000000000031e-01
8.000000000000000000e+00 1.305800000000000016e-01
2.100000000000000000e+01 1.397800000000000153e-01
1.990000000000000000e+02 1.481600000000000139e-01
7.300000000000000000e+01 1.719400000000000095e-01
4.400000000000000000e+01 1.722200000000000120e-01
1.710000000000000000e+02 1.737600000000000255e-01
5.200000000000000000e+01 1.739800000000000235e-01
9.900000000000000000e+01 1.754400000000000126e-01
1.530000000000000000e+02 1.827400000000000135e-01
9.700000000000000000e+01 1.909800000000000109e-01
1.400000000000000000e+01 1.936200000000000143e-01
1.720000000000000000e+02 1.958800000000000263e-01
4.100000000000000000e+01 2.040800000000000114e-01
1.050000000000000000e+02 2.045400000000000273e-01
1.360000000000000000e+02 2.080600000000000227e-01
1.220000000000000000e+02 2.096200000000000285e-01
2.030000000000000000e+02 2.116400000000000226e-01
7.000000000000000000e+00 2.122800000000000242e-01
7.500000000000000000e+01 2.241200000000000137e-01
8.400000000000000000e+01 2.270400000000000196e-01
2.000000000000000000e+00 2.278200000000000225e-01
2.180000000000000000e+02 2.283400000000000152e-01
6.900000000000000000e+01 2.389000000000000290e-01
1.090000000000000000e+02 2.498400000000000343e-01
2.100000000000000000e+01 2.512199999999999989e-01
1.040000000000000000e+02 2.575999999999999956e-01
4.000000000000000000e+01 2.578000000000000291e-01
1.460000000000000000e+02 2.608000000000000318e-01
2.010000000000000000e+02 2.701800000000000312e-01
2.310000000000000000e+02 2.707200000000000162e-01
1.310000000000000000e+02 2.737200000000000188e-01
1.130000000000000000e+02 2.789200000000000013e-01
1.100000000000000000e+01 2.791800000000000392e-01
1.890000000000000000e+02 2.837400000000000477e-01
4.500000000000000000e+01 2.857400000000000495e-01
4.300000000000000000e+01 2.910000000000000364e-01
8.800000000000000000e+01 2.931800000000000517e-01
1.580000000000000000e+02 2.935600000000000431e-01
4.900000000000000000e+01 2.968400000000000483e-01
1.970000000000000000e+02 2.991600000000000370e-01
1.880000000000000000e+02 3.010800000000000143e-01
1.180000000000000000e+02 3.019000000000000017e-01
1.540000000000000000e+02 3.070200000000000151e-01
8.700000000000000000e+01 3.173200000000000465e-01
2.000000000000000000e+01 3.196400000000000352e-01
1.100000000000000000e+01 3.237800000000000122e-01
1.840000000000000000e+02 3.262800000000000145e-01
2.200000000000000000e+01 3.277600000000000513e-01
5.400000000000000000e+01 3.306200000000000250e-01
1.550000000000000000e+02 3.334400000000000142e-01
1.240000000000000000e+02 3.349800000000000000e-01
2.320000000000000000e+02 3.396400000000000530e-01
1.100000000000000000e+02 3.403800000000000159e-01
2.030000000000000000e+02 3.437200000000000255e-01
1.470000000000000000e+02 3.458200000000000163e-01
1.490000000000000000e+02 3.548000000000000043e-01
2.000000000000000000e+01 3.555600000000000427e-01
9.000000000000000000e+01 3.558200000000000252e-01
1.570000000000000000e+02 3.564200000000000146e-01
2.210000000000000000e+02 3.573600000000000110e-01
2.250000000000000000e+02 3.603800000000000336e-01
6.700000000000000000e+01 3.682200000000000473e-01
1.850000000000000000e+02 3.808600000000000319e-01
6.200000000000000000e+01 3.846200000000000174e-01
2.400000000000000000e+01 3.884600000000000275e-01
5.900000000000000000e+01 3.969000000000000306e-01
5.500000000000000000e+01 4.084200000000000608e-01
1.610000000000000000e+02 4.121800000000000463e-01
1.180000000000000000e+02 4.137600000000000167e-01
1.430000000000000000e+02 4.164200000000000124e-01
1.670000000000000000e+02 4.175400000000000222e-01
8.800000000000000000e+01 4.204400000000000359e-01
1.310000000000000000e+02 4.218600000000000128e-01
5.200000000000000000e+01 4.249600000000000599e-01
2.120000000000000000e+02 4.281200000000000561e-01
1.070000000000000000e+02 4.417800000000000615e-01
8.300000000000000000e+01 4.478000000000000314e-01
5.500000000000000000e+01 4.578000000000000402e-01
1.680000000000000000e+02 4.652600000000000624e-01
9.600000000000000000e+01 4.657400000000000428e-01
7.900000000000000000e+01 4.680800000000000516e-01
1.470000000000000000e+02 4.735000000000000320e-01
1.450000000000000000e+02 4.813800000000000301e-01
1.600000000000000000e+02 4.837400000000000588e-01
2.210000000000000000e+02 4.842400000000000593e-01
1.400000000000000000e+02 4.968000000000000194e-01
9.000000000000000000e+00 5.085000000000000631e-01
2.800000000000000000e+01 5.142200000000000104e-01
1.920000000000000000e+02 5.172400000000000331e-01
2.140000000000000000e+02 5.219400000000000706e-01
2.380000000000000000e+02 5.219600000000000906e-01
1.050000000000000000e+02 5.263400000000000301e-01
1.800000000000000000e+01 5.406400000000000095e-01
7.300000000000000000e+01 5.430000000000000382e-01
2.100000000000000000e+02 5.452800000000000979e-01
1.230000000000000000e+02 5.465800000000000658e-01
1.590000000000000000e+02 5.517800000000000482e-01
1.400000000000000000e+02 5.527800000000000491e-01
8.200000000000000000e+01 5.535200000000000120e-01
1.010000000000000000e+02 5.558800000000000407e-01
5.100000000000000000e+01 5.581800000000000095e-01
1.620000000000000000e+02 5.625800000000000800e-01
1.700000000000000000e+02 5.639000000000000679e-01
4.000000000000000000e+00 5.699800000000000422e-01
7.900000000000000000e+01 5.707000000000000961e-01
2.290000000000000000e+02 5.738000000000000878e-01
1.950000000000000000e+02 5.756600000000000605e-01
2.190000000000000000e+02 5.762200000000000655e-01
8.600000000000000000e+01 5.769600000000000284e-01
1.530000000000000000e+02 5.794000000000000261e-01
1.060000000000000000e+02 5.795000000000000151e-01
1.690000000000000000e+02 5.835600000000000787e-01
2.390000000000000000e+02 5.876600000000000712e-01
2.000000000000000000e+02 5.900800000000000489e-01
1.030000000000000000e+02 5.902800000000000269e-01
9.300000000000000000e+01 5.922000000000000597e-01
6.100000000000000000e+01 5.929400000000000226e-01
1.130000000000000000e+02 5.948600000000000554e-01
7.000000000000000000e+00 5.951200000000000934e-01
2.350000000000000000e+02 5.973400000000000931e-01
1.170000000000000000e+02 5.991000000000000769e-01
2.050000000000000000e+02 6.052800000000000402e-01
1.250000000000000000e+02 6.054800000000000182e-01
2.000000000000000000e+01 6.074600000000000000e-01
1.200000000000000000e+02 6.078400000000000469e-01
2.900000000000000000e+01 6.078800000000000869e-01
1.750000000000000000e+02 6.111400000000000166e-01
1.680000000000000000e+02 6.113000000000000655e-01
1.420000000000000000e+02 6.135600000000001053e-01
1.340000000000000000e+02 6.143200000000000882e-01
5.000000000000000000e+01 6.144200000000000772e-01
1.470000000000000000e+02 6.183000000000000718e-01
5.200000000000000000e+01 6.229400000000000492e-01
2.000000000000000000e+01 6.297800000000000065e-01
1.990000000000000000e+02 6.345000000000000639e-01
1.830000000000000000e+02 6.362200000000000077e-01
2.050000000000000000e+02 6.389000000000000234e-01
5.000000000000000000e+00 6.390800000000000924e-01
1.220000000000000000e+02 6.403600000000000403e-01
2.500000000000000000e+01 6.411000000000000032e-01
9.400000000000000000e+01 6.415200000000000902e-01
2.080000000000000000e+02 6.474200000000001065e-01
1.810000000000000000e+02 6.501000000000000112e-01
1.010000000000000000e+02 6.501200000000000312e-01
3.500000000000000000e+01 6.504800000000000582e-01
3.600000000000000000e+01 6.521200000000000330e-01
1.020000000000000000e+02 6.532000000000000028e-01
2.300000000000000000e+02 6.553800000000000736e-01
1.830000000000000000e+02 6.565400000000000125e-01
2.120000000000000000e+02 6.565400000000000125e-01
5.800000000000000000e+01 6.571400000000000574e-01
2.110000000000000000e+02 6.614600000000000479e-01
1.090000000000000000e+02 6.616200000000000969e-01
1.440000000000000000e+02 6.629600000000001048e-01
6.700000000000000000e+01 6.632600000000000717e-01
2.330000000000000000e+02 6.688600000000000101e-01
7.300000000000000000e+01 6.722400000000000597e-01
4.000000000000000000e+01 6.742000000000000215e-01
1.200000000000000000e+01 6.743200000000000305e-01
1.890000000000000000e+02 6.758600000000000163e-01
2.350000000000000000e+02 6.786600000000000410e-01
3.300000000000000000e+01 6.797600000000000309e-01
5.700000000000000000e+01 6.803400000000000558e-01
3.400000000000000000e+01 6.816400000000000237e-01
7.400000000000000000e+01 6.833600000000000785e-01
1.210000000000000000e+02 6.841600000000001014e-01
2.300000000000000000e+02 6.848400000000000043e-01
1.030000000000000000e+02 6.854800000000000892e-01
8.800000000000000000e+01 6.860000000000000542e-01
1.530000000000000000e+02 6.861200000000000632e-01
7.800000000000000000e+01 6.864600000000000701e-01
4.100000000000000000e+01 6.865200000000000191e-01
1.800000000000000000e+02 6.891400000000000858e-01
2.120000000000000000e+02 6.892000000000000348e-01
2.290000000000000000e+02 6.921400000000000885e-01
3.200000000000000000e+01 6.962800000000000100e-01
1.890000000000000000e+02 6.995800000000000907e-01
2.120000000000000000e+02 7.015200000000000324e-01
1.720000000000000000e+02 7.046600000000000641e-01
7.500000000000000000e+01 7.053600000000000980e-01
1.150000000000000000e+02 7.057600000000000540e-01
1.270000000000000000e+02 7.072200000000000708e-01
1.350000000000000000e+02 7.081600000000000117e-01
4.500000000000000000e+01 7.086800000000000876e-01
1.900000000000000000e+02 7.090800000000000436e-01
6.900000000000000000e+01 7.143600000000001060e-01
5.200000000000000000e+01 7.159600000000000408e-01
1.430000000000000000e+02 7.211600000000000232e-01
2.330000000000000000e+02 7.220400000000000151e-01
1.030000000000000000e+02 7.221800000000000441e-01
3.600000000000000000e+01 7.379400000000000404e-01
6.000000000000000000e+00 7.403400000000001091e-01
2.120000000000000000e+02 7.410400000000000320e-01
1.390000000000000000e+02 7.422400000000000109e-01
2.020000000000000000e+02 7.492000000000000881e-01
1.560000000000000000e+02 7.509200000000000319e-01
8.600000000000000000e+01 7.511200000000000099e-01
1.200000000000000000e+01 7.512400000000000189e-01
7.600000000000000000e+01 7.579200000000000381e-01
9.900000000000000000e+01 7.588000000000000300e-01
1.380000000000000000e+02 7.598600000000000909e-01
2.200000000000000000e+02 7.600400000000000489e-01
1.500000000000000000e+02 7.614400000000001167e-01
2.210000000000000000e+02 7.614600000000000257e-01
1.330000000000000000e+02 7.627200000000000646e-01
2.090000000000000000e+02 7.627200000000000646e-01
1.310000000000000000e+02 7.633000000000000895e-01
1.780000000000000000e+02 7.639400000000000635e-01
8.100000000000000000e+01 7.651400000000000423e-01
1.700000000000000000e+01 7.688000000000000389e-01
1.150000000000000000e+02 7.816400000000001125e-01
7.000000000000000000e+01 7.818200000000000705e-01
1.100000000000000000e+02 7.836200000000000943e-01
8.000000000000000000e+00 7.849600000000001021e-01
2.260000000000000000e+02 7.853200000000000180e-01
7.500000000000000000e+01 7.931200000000000472e-01
2.210000000000000000e+02 7.957200000000000939e-01
1.270000000000000000e+02 8.001600000000000934e-01
1.210000000000000000e+02 8.008800000000000363e-01
1.080000000000000000e+02 8.058000000000000718e-01
2.130000000000000000e+02 8.058400000000001118e-01
4.800000000000000000e+01 8.067200000000001037e-01
8.000000000000000000e+01 8.086000000000000965e-01
5.100000000000000000e+01 8.095400000000000373e-01
1.100000000000000000e+01 8.095600000000000573e-01
2.260000000000000000e+02 8.110200000000000742e-01
1.820000000000000000e+02 8.115800000000000791e-01
4.400000000000000000e+01 8.117600000000000371e-01
2.190000000000000000e+02 8.147400000000000198e-01
6.400000000000000000e+01 8.159600000000000186e-01
2.240000000000000000e+02 8.166400000000000325e-01
1.330000000000000000e+02 8.173000000000000265e-01
3.700000000000000000e+01 8.176000000000001044e-01
4.300000000000000000e+01 8.191800000000000193e-01
1.220000000000000000e+02 8.266400000000000414e-01
5.500000000000000000e+01 8.277200000000001223e-01
7.800000000000000000e+01 8.277400000000000313e-01
9.300000000000000000e+01 8.309400000000001230e-01
2.230000000000000000e+02 8.352800000000000225e-01
6.000000000000000000e+00 8.410600000000000298e-01
2.600000000000000000e+01 8.472800000000000331e-01
1.640000000000000000e+02 8.494600000000001039e-01
2.150000000000000000e+02 8.534000000000000474e-01
3.600000000000000000e+01 8.549000000000001043e-01
9.700000000000000000e+01 8.554200000000000692e-01
1.470000000000000000e+02 8.556000000000000272e-01
8.800000000000000000e+01 8.568600000000000660e-01
1.750000000000000000e+02 8.594200000000000728e-01
1.840000000000000000e+02 8.596800000000001107e-01
1.210000000000000000e+02 8.614200000000000745e-01
0.000000000000000000e+00 8.622400000000001175e-01
1.380000000000000000e+02 8.638400000000000523e-01
6.000000000000000000e+00 8.643800000000000372e-01
5.500000000000000000e+01 8.645400000000000862e-01
1.250000000000000000e+02 8.651000000000000911e-01
2.140000000000000000e+02 8.659000000000001140e-01
1.800000000000000000e+01 8.661200000000001120e-01
2.280000000000000000e+02 8.711800000000000654e-01
1.880000000000000000e+02 8.713200000000000944e-01
1.510000000000000000e+02 8.740600000000000591e-01
9.900000000000000000e+01 8.747200000000000530e-01
1.030000000000000000e+02 8.764600000000000168e-01
2.100000000000000000e+02 8.783400000000001207e-01
8.200000000000000000e+01 8.794600000000000195e-01
1.560000000000000000e+02 8.821800000000000752e-01
2.390000000000000000e+02 8.872200000000001197e-01
1.400000000000000000e+02 8.935200000000000919e-01
1.690000000000000000e+02 8.940800000000000969e-01
1.000000000000000000e+02 9.007200000000000761e-01
4.600000000000000000e+01 9.007600000000001161e-01
1.650000000000000000e+02 9.018200000000000660e-01
7.000000000000000000e+01 9.032000000000001139e-01
1.560000000000000000e+02 9.052600000000000646e-01
7.500000000000000000e+01 9.083800000000000763e-01
1.000000000000000000e+02 9.125400000000001288e-01
4.600000000000000000e+01 9.134600000000000497e-01
1.380000000000000000e+02 9.139000000000000457e-01
8.600000000000000000e+01 9.145200000000001106e-01
8.000000000000000000e+01 9.153600000000000625e-01
1.280000000000000000e+02 9.154200000000001225e-01
5.300000000000000000e+01 9.155400000000000205e-01
1.070000000000000000e+02 9.163000000000001144e-01
1.800000000000000000e+02 9.167600000000001303e-01
1.300000000000000000e+01 9.173200000000000243e-01
1.930000000000000000e+02 9.174200000000001243e-01
2.240000000000000000e+02 9.200600000000001000e-01
1.250000000000000000e+02 9.215400000000000258e-01
1.100000000000000000e+01 9.223200000000000287e-01
9.700000000000000000e+01 9.245600000000000485e-01
4.600000000000000000e+01 9.266600000000000392e-01
9.000000000000000000e+00 9.279800000000000271e-01
3.600000000000000000e+01 9.307000000000000828e-01
2.250000000000000000e+02 9.329800000000000315e-01
9.900000000000000000e+01 9.334400000000000475e-01
1.150000000000000000e+02 9.345600000000000573e-01
1.840000000000000000e+02 9.408600000000000296e-01
1.460000000000000000e+02 9.427400000000000224e-01
1.600000000000000000e+02 9.447400000000000242e-01
7.200000000000000000e+01 9.520000000000000684e-01
1.190000000000000000e+02 9.547200000000001241e-01
8.900000000000000000e+01 9.556800000000000850e-01
1.650000000000000000e+02 9.569000000000000838e-01
1.520000000000000000e+02 9.570400000000001128e-01
6.700000000000000000e+01 9.586800000000000876e-01
2.100000000000000000e+01 9.677800000000000846e-01
7.200000000000000000e+01 9.684600000000000986e-01
2.210000000000000000e+02 9.686600000000000765e-01
2.010000000000000000e+02 9.792200000000000903e-01
4.200000000000000000e+01 9.799200000000001243e-01
3.800000000000000000e+01 9.801000000000000822e-01
1.390000000000000000e+02 9.824600000000001110e-01
9.100000000000000000e+01 9.879600000000000604e-01
7.200000000000000000e+01 9.881600000000000383e-01
8.000000000000000000e+01 9.895200000000000662e-01
1.010000000000000000e+02 9.899800000000000821e-01
2.340000000000000000e+02 9.913200000000000900e-01
2.290000000000000000e+02 9.923200000000000909e-01
1.640000000000000000e+02 9.926800000000001178e-01
2.060000000000000000e+02 9.927600000000000868e-01
1.140000000000000000e+02 9.946800000000001196e-01
9.200000000000000000e+01 9.976200000000000623e-01
2.300000000000000000e+02 9.977000000000000313e-01
1.240000000000000000e+02 1.003820000000000157e+00
5.400000000000000000e+01 1.004960000000000075e+00
3.200000000000000000e+01 1.007480000000000153e+00
2.330000000000000000e+02 1.011640000000000095e+00
2.290000000000000000e+02 1.011840000000000073e+00
1.510000000000000000e+02 1.011859999999999982e+00
1.100000000000000000e+02 1.011960000000000193e+00
1.550000000000000000e+02 1.013700000000000045e+00
1.820000000000000000e+02 1.014920000000000044e+00
1.390000000000000000e+02 1.019300000000000095e+00
1.360000000000000000e+02 1.022380000000000067e+00
2.090000000000000000e+02 1.025360000000000049e+00
9.000000000000000000e+01 1.026080000000000103e+00
1.460000000000000000e+02 1.029420000000000002e+00
2.290000000000000000e+02 1.035080000000000000e+00
1.640000000000000000e+02 1.037300000000000111e+00
1.650000000000000000e+02 1.039880000000000138e+00
2.190000000000000000e+02 1.040939999999999976e+00
0.000000000000000000e+00 1.041940000000000088e+00
1.120000000000000000e+02 1.042460000000000164e+00
3.700000000000000000e+01 1.043560000000000043e+00
2.700000000000000000e+01 1.050420000000000131e+00
7.400000000000000000e+01 1.052080000000000126e+00
2.030000000000000000e+02 1.053680000000000172e+00
1.830000000000000000e+02 1.054000000000000048e+00
1.440000000000000000e+02 1.054800000000000182e+00
1.980000000000000000e+02 1.055360000000000076e+00
5.000000000000000000e+00 1.058599999999999985e+00
1.910000000000000000e+02 1.058880000000000043e+00
3.200000000000000000e+01 1.060360000000000191e+00
1.710000000000000000e+02 1.060400000000000009e+00
2.010000000000000000e+02 1.065479999999999983e+00
1.770000000000000000e+02 1.066940000000000000e+00
1.740000000000000000e+02 1.067139999999999977e+00
1.010000000000000000e+02 1.067840000000000122e+00
1.120000000000000000e+02 1.070000000000000062e+00
2.100000000000000000e+02 1.073360000000000092e+00
1.000000000000000000e+01 1.077400000000000135e+00
2.500000000000000000e+01 1.078280000000000127e+00
5.700000000000000000e+01 1.078940000000000010e+00
1.920000000000000000e+02 1.080780000000000074e+00
1.530000000000000000e+02 1.082560000000000189e+00
7.500000000000000000e+01 1.082920000000000105e+00
4.300000000000000000e+01 1.083220000000000072e+00
1.100000000000000000e+01 1.086900000000000199e+00
1.010000000000000000e+02 1.087980000000000169e+00
3.500000000000000000e+01 1.089000000000000190e+00
1.980000000000000000e+02 1.089000000000000190e+00
3.400000000000000000e+01 1.090100000000000069e+00
6.800000000000000000e+01 1.092960000000000154e+00
1.000000000000000000e+00 1.093520000000000048e+00
2.200000000000000000e+02 1.096380000000000132e+00
6.400000000000000000e+01 1.098820000000000130e+00
6.100000000000000000e+01 1.107040000000000024e+00
7.200000000000000000e+01 1.108340000000000103e+00
9.600000000000000000e+01 1.109240000000000004e+00
1.950000000000000000e+02 1.109260000000000135e+00
1.330000000000000000e+02 1.111200000000000188e+00
1.970000000000000000e+02 1.111280000000000046e+00
2.150000000000000000e+02 1.111779999999999990e+00
1.160000000000000000e+02 1.112640000000000073e+00
2.100000000000000000e+02 1.113339999999999996e+00
2.100000000000000000e+01 1.113560000000000105e+00
2.000000000000000000e+01 1.113840000000000163e+00
3.300000000000000000e+01 1.114240000000000119e+00
6.900000000000000000e+01 1.117400000000000171e+00
1.800000000000000000e+01 1.117960000000000065e+00
2.120000000000000000e+02 1.118780000000000108e+00
1.420000000000000000e+02 1.120580000000000132e+00
1.170000000000000000e+02 1.120740000000000069e+00
2.000000000000000000e+00 1.122480000000000144e+00
1.230000000000000000e+02 1.123140000000000027e+00
1.250000000000000000e+02 1.123820000000000041e+00
3.600000000000000000e+01 1.123860000000000081e+00
2.290000000000000000e+02 1.125020000000000131e+00
1.790000000000000000e+02 1.125860000000000083e+00
1.060000000000000000e+02 1.126340000000000119e+00
1.240000000000000000e+02 1.126980000000000093e+00
2.000000000000000000e+02 1.130560000000000009e+00
1.830000000000000000e+02 1.131879999999999997e+00
6.000000000000000000e+00 1.138460000000000027e+00
5.000000000000000000e+00 1.140540000000000109e+00
2.020000000000000000e+02 1.143560000000000132e+00
8.800000000000000000e+01 1.148300000000000098e+00
1.770000000000000000e+02 1.149600000000000177e+00
1.600000000000000000e+01 1.150440000000000129e+00
1.410000000000000000e+02 1.150900000000000034e+00
1.440000000000000000e+02 1.151120000000000143e+00
2.230000000000000000e+02 1.151800000000000157e+00
2.000000000000000000e+00 1.152079999999999993e+00
1.550000000000000000e+02 1.154460000000000042e+00
8.400000000000000000e+01 1.156580000000000163e+00
1.210000000000000000e+02 1.158519999999999994e+00
2.200000000000000000e+02 1.158580000000000165e+00
2.100000000000000000e+01 1.160320000000000018e+00
1.100000000000000000e+01 1.162100000000000133e+00
1.290000000000000000e+02 1.162179999999999991e+00
1.060000000000000000e+02 1.163060000000000205e+00
7.100000000000000000e+01 1.164420000000000011e+00
4.100000000000000000e+01 1.165780000000000038e+00
1.540000000000000000e+02 1.165780000000000038e+00
1.110000000000000000e+02 1.165920000000000067e+00
2.330000000000000000e+02 1.168800000000000061e+00
1.000000000000000000e+01 1.171640000000000015e+00
2.800000000000000000e+01 1.171860000000000124e+00
1.250000000000000000e+02 1.172520000000000007e+00
7.800000000000000000e+01 1.172580000000000178e+00
3.700000000000000000e+01 1.172660000000000036e+00
8.100000000000000000e+01 1.172900000000000054e+00
1.600000000000000000e+02 1.173200000000000021e+00
2.260000000000000000e+02 1.174520000000000008e+00
2.110000000000000000e+02 1.175000000000000044e+00
2.190000000000000000e+02 1.175740000000000007e+00
6.600000000000000000e+01 1.176240000000000174e+00
8.600000000000000000e+01 1.176480000000000192e+00
2.400000000000000000e+01 1.178540000000000143e+00
1.550000000000000000e+02 1.183740000000000014e+00
2.200000000000000000e+01 1.184080000000000021e+00
1.300000000000000000e+02 1.185320000000000151e+00
2.220000000000000000e+02 1.185420000000000140e+00
2.370000000000000000e+02 1.187740000000000018e+00
1.570000000000000000e+02 1.196360000000000090e+00
1.620000000000000000e+02 1.197240000000000082e+00
1.670000000000000000e+02 1.201360000000000205e+00
1.030000000000000000e+02 1.202440000000000175e+00
1.930000000000000000e+02 1.202840000000000131e+00
1.160000000000000000e+02 1.203259999999999996e+00
1.220000000000000000e+02 1.203760000000000163e+00
6.400000000000000000e+01 1.203940000000000010e+00
1.400000000000000000e+02 1.204680000000000195e+00
2.390000000000000000e+02 1.207660000000000178e+00
2.700000000000000000e+01 1.208640000000000159e+00
2.120000000000000000e+02 1.211400000000000032e+00
6.900000000000000000e+01 1.211699999999999999e+00
2.230000000000000000e+02 1.213760000000000172e+00
3.000000000000000000e+00 1.215200000000000058e+00
2.400000000000000000e+01 1.218239999999999990e+00
2.040000000000000000e+02 1.222880000000000189e+00
1.900000000000000000e+01 1.223240000000000105e+00
1.020000000000000000e+02 1.224080000000000057e+00
1.810000000000000000e+02 1.227140000000000120e+00
2.000000000000000000e+00 1.227160000000000029e+00
2.390000000000000000e+02 1.227820000000000134e+00
7.700000000000000000e+01 1.228440000000000198e+00
1.910000000000000000e+02 1.228620000000000045e+00
4.000000000000000000e+01 1.229260000000000019e+00
3.000000000000000000e+01 1.229899999999999993e+00
1.730000000000000000e+02 1.231960000000000166e+00
1.840000000000000000e+02 1.232339999999999991e+00
1.220000000000000000e+02 1.232660000000000089e+00
8.400000000000000000e+01 1.234840000000000160e+00
1.920000000000000000e+02 1.237040000000000139e+00
5.500000000000000000e+01 1.240740000000000176e+00
2.060000000000000000e+02 1.244800000000000129e+00
9.900000000000000000e+01 1.246060000000000167e+00
4.600000000000000000e+01 1.246420000000000083e+00
5.100000000000000000e+01 1.249120000000000008e+00
2.370000000000000000e+02 1.251060000000000061e+00
1.770000000000000000e+02 1.251200000000000090e+00
4.000000000000000000e+01 1.251300000000000079e+00
2.290000000000000000e+02 1.251640000000000086e+00
1.090000000000000000e+02 1.252760000000000096e+00
2.010000000000000000e+02 1.254140000000000033e+00
9.600000000000000000e+01 1.254180000000000073e+00
2.030000000000000000e+02 1.254260000000000153e+00
1.990000000000000000e+02 1.255700000000000038e+00
9.900000000000000000e+01 1.257440000000000113e+00
9.500000000000000000e+01 1.261800000000000033e+00
6.700000000000000000e+01 1.262020000000000142e+00
2.390000000000000000e+02 1.268660000000000121e+00
7.900000000000000000e+01 1.269760000000000000e+00
8.500000000000000000e+01 1.270260000000000167e+00
1.650000000000000000e+02 1.270800000000000152e+00
5.200000000000000000e+01 1.274340000000000028e+00
9.000000000000000000e+01 1.274880000000000013e+00
1.730000000000000000e+02 1.275380000000000180e+00
2.100000000000000000e+02 1.275760000000000005e+00
2.020000000000000000e+02 1.277000000000000135e+00
1.440000000000000000e+02 1.282160000000000188e+00
5.600000000000000000e+01 1.284060000000000201e+00
1.310000000000000000e+02 1.284200000000000008e+00
1.840000000000000000e+02 1.284200000000000008e+00
1.130000000000000000e+02 1.289260000000000073e+00
5.700000000000000000e+01 1.291240000000000165e+00
1.100000000000000000e+01 1.295380000000000198e+00
1.110000000000000000e+02 1.295580000000000176e+00
4.300000000000000000e+01 1.295760000000000023e+00
9.800000000000000000e+01 1.296060000000000212e+00
9.500000000000000000e+01 1.297400000000000109e+00
2.140000000000000000e+02 1.297480000000000189e+00
1.220000000000000000e+02 1.297560000000000047e+00
1.010000000000000000e+02 1.302160000000000206e+00
3.700000000000000000e+01 1.302640000000000020e+00
4.600000000000000000e+01 1.302640000000000020e+00
3.800000000000000000e+01 1.304380000000000095e+00
1.270000000000000000e+02 1.305420000000000025e+00
2.310000000000000000e+02 1.306500000000000217e+00
1.150000000000000000e+02 1.306640000000000024e+00
3.000000000000000000e+01 1.307580000000000187e+00
2.320000000000000000e+02 1.309400000000000119e+00
6.700000000000000000e+01 1.309620000000000006e+00
5.500000000000000000e+01 1.309680000000000177e+00
9.500000000000000000e+01 1.313120000000000065e+00
7.900000000000000000e+01 1.314640000000000031e+00
1.800000000000000000e+02 1.320740000000000025e+00
7.200000000000000000e+01 1.324040000000000106e+00
8.500000000000000000e+01 1.326160000000000005e+00
1.430000000000000000e+02 1.330160000000000009e+00
3.400000000000000000e+01 1.330840000000000023e+00
2.020000000000000000e+02 1.333360000000000101e+00
2.000000000000000000e+02 1.333680000000000199e+00
8.200000000000000000e+01 1.335120000000000084e+00
2.160000000000000000e+02 1.335280000000000022e+00
4.500000000000000000e+01 1.336880000000000068e+00
2.320000000000000000e+02 1.337940000000000129e+00
4.400000000000000000e+01 1.337960000000000038e+00
1.520000000000000000e+02 1.339780000000000193e+00
7.800000000000000000e+01 1.340220000000000189e+00
1.300000000000000000e+01 1.342060000000000031e+00
5.800000000000000000e+01 1.345440000000000191e+00
2.700000000000000000e+01 1.347920000000000007e+00
1.040000000000000000e+02 1.351060000000000150e+00
2.900000000000000000e+01 1.352620000000000156e+00
5.000000000000000000e+01 1.353960000000000052e+00
5.100000000000000000e+01 1.354300000000000059e+00
1.530000000000000000e+02 1.356380000000000141e+00
1.700000000000000000e+01 1.356620000000000159e+00
1.660000000000000000e+02 1.356980000000000075e+00
1.370000000000000000e+02 1.358280000000000154e+00
2.190000000000000000e+02 1.358920000000000128e+00
1.000000000000000000e+01 1.360060000000000047e+00
2.070000000000000000e+02 1.360320000000000196e+00
1.220000000000000000e+02 1.362660000000000204e+00
1.090000000000000000e+02 1.368340000000000112e+00
1.600000000000000000e+02 1.373680000000000012e+00
1.900000000000000000e+01 1.374020000000000019e+00
1.190000000000000000e+02 1.378340000000000121e+00
2.000000000000000000e+02 1.378360000000000030e+00
1.000000000000000000e+01 1.379820000000000046e+00
6.900000000000000000e+01 1.380600000000000049e+00
1.400000000000000000e+01 1.381840000000000179e+00
1.510000000000000000e+02 1.382300000000000084e+00
2.030000000000000000e+02 1.386540000000000106e+00
4.300000000000000000e+01 1.387460000000000138e+00
4.000000000000000000e+01 1.389120000000000132e+00
6.800000000000000000e+01 1.391700000000000159e+00
1.470000000000000000e+02 1.391860000000000097e+00
2.380000000000000000e+02 1.392040000000000166e+00
1.100000000000000000e+01 1.392360000000000042e+00
7.900000000000000000e+01 1.392900000000000027e+00
6.500000000000000000e+01 1.393280000000000074e+00
1.280000000000000000e+02 1.396700000000000053e+00
1.870000000000000000e+02 1.398220000000000018e+00
1.740000000000000000e+02 1.399340000000000028e+00
1.550000000000000000e+02 1.400440000000000129e+00
2.330000000000000000e+02 1.401540000000000008e+00
1.700000000000000000e+01 1.402760000000000007e+00
1.430000000000000000e+02 1.403520000000000101e+00
1.400000000000000000e+01 1.404480000000000173e+00
1.210000000000000000e+02 1.405240000000000045e+00
1.630000000000000000e+02 1.405580000000000052e+00
2.340000000000000000e+02 1.405980000000000008e+00
7.000000000000000000e+00 1.406500000000000083e+00
2.100000000000000000e+01 1.406700000000000061e+00
1.110000000000000000e+02 1.406720000000000192e+00
5.800000000000000000e+01 1.407280000000000086e+00
4.700000000000000000e+01 1.409000000000000030e+00
2.300000000000000000e+02 1.409360000000000168e+00
2.250000000000000000e+02 1.409700000000000175e+00
1.970000000000000000e+02 1.410320000000000018e+00
1.600000000000000000e+01 1.412600000000000078e+00
1.010000000000000000e+02 1.412600000000000078e+00
6.400000000000000000e+01 1.413140000000000063e+00
5.000000000000000000e+01 1.414080000000000226e+00
1.060000000000000000e+02 1.414200000000000124e+00
2.200000000000000000e+01 1.414480000000000182e+00
2.020000000000000000e+02 1.414640000000000120e+00
8.200000000000000000e+01 1.415240000000000054e+00
1.500000000000000000e+02 1.418020000000000058e+00
5.200000000000000000e+01 1.419100000000000028e+00
2.180000000000000000e+02 1.419640000000000013e+00
7.500000000000000000e+01 1.422480000000000189e+00
2.300000000000000000e+01 1.422640000000000127e+00
1.520000000000000000e+02 1.423180000000000112e+00
2.350000000000000000e+02 1.423660000000000148e+00
5.000000000000000000e+00 1.423760000000000137e+00
1.160000000000000000e+02 1.426060000000000105e+00
9.000000000000000000e+01 1.426680000000000170e+00
1.460000000000000000e+02 1.427540000000000031e+00
2.360000000000000000e+02 1.428220000000000045e+00
2.090000000000000000e+02 1.429520000000000124e+00
3.500000000000000000e+01 1.430120000000000058e+00
5.600000000000000000e+01 1.430880000000000152e+00
8.600000000000000000e+01 1.430900000000000061e+00
3.000000000000000000e+00 1.431000000000000050e+00
2.050000000000000000e+02 1.434140000000000192e+00
2.330000000000000000e+02 1.434920000000000195e+00
1.340000000000000000e+02 1.435800000000000187e+00
2.240000000000000000e+02 1.436540000000000150e+00
9.100000000000000000e+01 1.436660000000000048e+00
1.560000000000000000e+02 1.437340000000000062e+00
6.000000000000000000e+01 1.437660000000000160e+00
1.500000000000000000e+02 1.440060000000000118e+00
8.900000000000000000e+01 1.440740000000000132e+00
7.900000000000000000e+01 1.440840000000000121e+00
2.160000000000000000e+02 1.441540000000000044e+00
7.000000000000000000e+00 1.442280000000000229e+00
2.140000000000000000e+02 1.442600000000000104e+00
5.300000000000000000e+01 1.443480000000000096e+00
8.000000000000000000e+01 1.444260000000000099e+00
1.210000000000000000e+02 1.444780000000000175e+00
1.620000000000000000e+02 1.447480000000000100e+00
1.300000000000000000e+02 1.447500000000000009e+00
1.000000000000000000e+02 1.450520000000000032e+00
2.280000000000000000e+02 1.450960000000000027e+00
2.190000000000000000e+02 1.451280000000000125e+00
1.220000000000000000e+02 1.452200000000000157e+00
1.500000000000000000e+02 1.453420000000000156e+00
7.000000000000000000e+01 1.453860000000000152e+00
1.700000000000000000e+02 1.453860000000000152e+00
9.000000000000000000e+00 1.457140000000000102e+00
2.290000000000000000e+02 1.457680000000000087e+00
3.200000000000000000e+01 1.458400000000000141e+00
1.250000000000000000e+02 1.460620000000000029e+00
5.400000000000000000e+01 1.461240000000000094e+00
4.200000000000000000e+01 1.461880000000000068e+00
1.320000000000000000e+02 1.462300000000000155e+00
7.600000000000000000e+01 1.462960000000000038e+00
6.600000000000000000e+01 1.463020000000000209e+00
1.120000000000000000e+02 1.463120000000000198e+00
2.200000000000000000e+01 1.467060000000000031e+00
5.100000000000000000e+01 1.468140000000000223e+00
7.100000000000000000e+01 1.468520000000000048e+00
1.000000000000000000e+00 1.468980000000000175e+00
2.050000000000000000e+02 1.469940000000000024e+00
2.500000000000000000e+01 1.475200000000000067e+00
5.900000000000000000e+01 1.475320000000000187e+00
6.800000000000000000e+01 1.475460000000000216e+00
1.700000000000000000e+02 1.475920000000000121e+00
1.600000000000000000e+02 1.476380000000000026e+00
3.800000000000000000e+01 1.477000000000000091e+00
4.800000000000000000e+01 1.477040000000000131e+00
4.000000000000000000e+00 1.477400000000000047e+00
8.700000000000000000e+01 1.477500000000000036e+00
7.900000000000000000e+01 1.477540000000000076e+00
1.350000000000000000e+02 1.478040000000000020e+00
2.260000000000000000e+02 1.478780000000000205e+00
2.100000000000000000e+01 1.480220000000000091e+00
1.780000000000000000e+02 1.481080000000000174e+00
2.240000000000000000e+02 1.481220000000000203e+00
6.900000000000000000e+01 1.481680000000000108e+00
1.000000000000000000e+02 1.482920000000000016e+00
2.250000000000000000e+02 1.482940000000000147e+00
1.110000000000000000e+02 1.483860000000000179e+00
2.170000000000000000e+02 1.484020000000000117e+00
1.010000000000000000e+02 1.487900000000000222e+00
2.370000000000000000e+02 1.492940000000000156e+00
1.100000000000000000e+02 1.493540000000000090e+00
2.380000000000000000e+02 1.494620000000000060e+00
1.280000000000000000e+02 1.494800000000000129e+00
1.670000000000000000e+02 1.494880000000000209e+00
1.410000000000000000e+02 1.495040000000000147e+00
1.420000000000000000e+02 1.495240000000000125e+00
1.790000000000000000e+02 1.496360000000000134e+00
1.590000000000000000e+02 1.497240000000000126e+00
2.160000000000000000e+02 1.499960000000000182e+00
2.080000000000000000e+02 1.500400000000000178e+00
1.710000000000000000e+02 1.500960000000000072e+00
2.270000000000000000e+02 1.501340000000000119e+00
2.000000000000000000e+01 1.501400000000000068e+00
1.970000000000000000e+02 1.501840000000000064e+00
1.480000000000000000e+02 1.501960000000000184e+00
1.040000000000000000e+02 1.504140000000000033e+00
7.400000000000000000e+01 1.504200000000000204e+00
1.680000000000000000e+02 1.504500000000000171e+00
4.900000000000000000e+01 1.505200000000000093e+00
2.000000000000000000e+00 1.506440000000000223e+00
3.200000000000000000e+01 1.506540000000000212e+00
2.330000000000000000e+02 1.508160000000000167e+00
1.910000000000000000e+02 1.509200000000000097e+00
5.300000000000000000e+01 1.510760000000000103e+00
1.650000000000000000e+02 1.511400000000000077e+00
1.780000000000000000e+02 1.512240000000000029e+00
1.160000000000000000e+02 1.513220000000000232e+00
9.300000000000000000e+01 1.513240000000000141e+00
1.510000000000000000e+02 1.513240000000000141e+00
8.500000000000000000e+01 1.515180000000000193e+00
1.390000000000000000e+02 1.517360000000000042e+00
3.900000000000000000e+01 1.520220000000000127e+00
3.600000000000000000e+01 1.520780000000000021e+00
1.800000000000000000e+02 1.520920000000000050e+00
4.100000000000000000e+01 1.521580000000000155e+00
2.190000000000000000e+02 1.521680000000000144e+00
2.160000000000000000e+02 1.522860000000000102e+00
1.050000000000000000e+02 1.522900000000000142e+00
1.770000000000000000e+02 1.522980000000000222e+00
7.500000000000000000e+01 1.523520000000000207e+00
1.140000000000000000e+02 1.523520000000000207e+00
5.500000000000000000e+01 1.523940000000000072e+00
1.890000000000000000e+02 1.523940000000000072e+00
6.800000000000000000e+01 1.524160000000000181e+00
1.920000000000000000e+02 1.524160000000000181e+00
1.400000000000000000e+01 1.524540000000000228e+00
1.130000000000000000e+02 1.524760000000000115e+00
1.970000000000000000e+02 1.525020000000000042e+00
2.090000000000000000e+02 1.525060000000000082e+00
1.160000000000000000e+02 1.527600000000000069e+00
3.400000000000000000e+01 1.527820000000000178e+00
1.230000000000000000e+02 1.529500000000000082e+00
2.390000000000000000e+02 1.529660000000000020e+00
2.900000000000000000e+01 1.530300000000000216e+00
1.060000000000000000e+02 1.530360000000000165e+00
4.700000000000000000e+01 1.530900000000000150e+00
4.500000000000000000e+01 1.531200000000000117e+00
1.100000000000000000e+02 1.531360000000000054e+00
1.430000000000000000e+02 1.533160000000000078e+00
2.800000000000000000e+01 1.533420000000000227e+00
9.000000000000000000e+01 1.534440000000000026e+00
1.040000000000000000e+02 1.536920000000000064e+00
5.400000000000000000e+01 1.537220000000000031e+00
8.000000000000000000e+00 1.537540000000000129e+00
1.200000000000000000e+01 1.538040000000000074e+00
1.390000000000000000e+02 1.538760000000000128e+00
2.000000000000000000e+01 1.538780000000000037e+00
1.620000000000000000e+02 1.538940000000000197e+00
1.280000000000000000e+02 1.540000000000000036e+00
1.650000000000000000e+02 1.540100000000000025e+00
1.080000000000000000e+02 1.540160000000000196e+00
7.100000000000000000e+01 1.540700000000000180e+00
1.300000000000000000e+02 1.540980000000000016e+00
2.210000000000000000e+02 1.541280000000000205e+00
2.300000000000000000e+02 1.541360000000000063e+00
1.910000000000000000e+02 1.541900000000000048e+00
1.890000000000000000e+02 1.544940000000000202e+00
4.000000000000000000e+01 1.546500000000000208e+00
3.400000000000000000e+01 1.546560000000000157e+00
5.500000000000000000e+01 1.546800000000000175e+00
6.400000000000000000e+01 1.547220000000000040e+00
1.090000000000000000e+02 1.547420000000000018e+00
1.590000000000000000e+02 1.548120000000000163e+00
1.640000000000000000e+02 1.548540000000000028e+00
2.230000000000000000e+02 1.548680000000000057e+00
9.500000000000000000e+01 1.549660000000000037e+00
1.320000000000000000e+02 1.549960000000000226e+00
1.990000000000000000e+02 1.550560000000000160e+00
5.100000000000000000e+01 1.550980000000000025e+00
1.370000000000000000e+02 1.551620000000000221e+00
1.520000000000000000e+02 1.551820000000000199e+00
1.600000000000000000e+01 1.551980000000000137e+00
1.150000000000000000e+02 1.554620000000000113e+00
5.800000000000000000e+01 1.554820000000000091e+00
2.500000000000000000e+01 1.557700000000000085e+00
1.290000000000000000e+02 1.558340000000000058e+00
1.630000000000000000e+02 1.558740000000000236e+00
2.310000000000000000e+02 1.560100000000000042e+00
8.900000000000000000e+01 1.560840000000000227e+00
1.920000000000000000e+02 1.560980000000000034e+00
1.050000000000000000e+02 1.561000000000000165e+00
1.900000000000000000e+01 1.562320000000000153e+00
1.820000000000000000e+02 1.562620000000000120e+00
5.300000000000000000e+01 1.562660000000000160e+00
9.100000000000000000e+01 1.563800000000000079e+00
2.360000000000000000e+02 1.565900000000000070e+00
1.890000000000000000e+02 1.566400000000000237e+00
1.530000000000000000e+02 1.566900000000000182e+00
1.700000000000000000e+02 1.567260000000000097e+00
0.000000000000000000e+00 1.568180000000000129e+00
1.790000000000000000e+02 1.568720000000000114e+00
1.980000000000000000e+02 1.569100000000000161e+00
6.900000000000000000e+01 1.569360000000000088e+00
1.830000000000000000e+02 1.570880000000000054e+00
6.100000000000000000e+01 1.572200000000000042e+00
8.500000000000000000e+01 1.572640000000000038e+00
1.170000000000000000e+02 1.573400000000000132e+00
3.300000000000000000e+01 1.574240000000000084e+00
1.660000000000000000e+02 1.574580000000000091e+00
6.000000000000000000e+00 1.575800000000000090e+00
6.700000000000000000e+01 1.576620000000000132e+00
2.270000000000000000e+02 1.580320000000000169e+00
1.580000000000000000e+02 1.583040000000000225e+00
6.300000000000000000e+01 1.583180000000000032e+00
1.680000000000000000e+02 1.583180000000000032e+00
9.000000000000000000e+00 1.583540000000000170e+00
1.150000000000000000e+02 1.584720000000000129e+00
1.000000000000000000e+02 1.589940000000000131e+00
1.870000000000000000e+02 1.593620000000000037e+00
1.620000000000000000e+02 1.594180000000000152e+00
6.000000000000000000e+01 1.595120000000000093e+00
9.400000000000000000e+01 1.595960000000000045e+00
1.900000000000000000e+01 1.596160000000000023e+00
8.800000000000000000e+01 1.596540000000000070e+00
2.380000000000000000e+02 1.597760000000000069e+00
2.220000000000000000e+02 1.598340000000000094e+00
2.230000000000000000e+02 1.599080000000000057e+00
2.130000000000000000e+02 1.599620000000000042e+00
1.110000000000000000e+02 1.599640000000000173e+00
1.940000000000000000e+02 1.599980000000000180e+00
1.000000000000000000e+00 1.602320000000000189e+00
7.400000000000000000e+01 1.602660000000000196e+00
4.700000000000000000e+01 1.602780000000000094e+00
4.500000000000000000e+01 1.602860000000000174e+00
2.150000000000000000e+02 1.603120000000000100e+00
2.300000000000000000e+01 1.604740000000000055e+00
2.060000000000000000e+02 1.606020000000000225e+00
1.820000000000000000e+02 1.606080000000000174e+00
1.380000000000000000e+02 1.606580000000000119e+00
2.370000000000000000e+02 1.608260000000000023e+00
9.000000000000000000e+00 1.610380000000000145e+00
1.100000000000000000e+01 1.610540000000000083e+00
1.660000000000000000e+02 1.610640000000000072e+00
5.000000000000000000e+00 1.611940000000000150e+00
1.490000000000000000e+02 1.612140000000000128e+00
2.320000000000000000e+02 1.612680000000000113e+00
1.190000000000000000e+02 1.613600000000000145e+00
1.130000000000000000e+02 1.614000000000000101e+00
5.100000000000000000e+01 1.614520000000000177e+00
6.000000000000000000e+00 1.614780000000000104e+00
1.030000000000000000e+02 1.614940000000000042e+00
2.330000000000000000e+02 1.614980000000000082e+00
1.800000000000000000e+02 1.615000000000000213e+00
9.600000000000000000e+01 1.615120000000000111e+00
2.260000000000000000e+02 1.615240000000000231e+00
6.900000000000000000e+01 1.619800000000000129e+00
7.500000000000000000e+01 1.620120000000000227e+00
5.900000000000000000e+01 1.620620000000000172e+00
1.690000000000000000e+02 1.620940000000000047e+00
7.700000000000000000e+01 1.623280000000000056e+00
1.380000000000000000e+02 1.623400000000000176e+00
3.600000000000000000e+01 1.623600000000000154e+00
1.390000000000000000e+02 1.624720000000000164e+00
5.200000000000000000e+01 1.628580000000000139e+00
2.500000000000000000e+01 1.629740000000000189e+00
1.500000000000000000e+02 1.630820000000000158e+00
1.350000000000000000e+02 1.633860000000000090e+00
1.480000000000000000e+02 1.633960000000000079e+00
1.060000000000000000e+02 1.634460000000000024e+00
6.400000000000000000e+01 1.635020000000000140e+00
9.300000000000000000e+01 1.635080000000000089e+00
1.670000000000000000e+02 1.636620000000000186e+00
2.220000000000000000e+02 1.636900000000000244e+00
1.020000000000000000e+02 1.638900000000000023e+00
1.900000000000000000e+01 1.639060000000000183e+00
1.300000000000000000e+01 1.639200000000000212e+00
1.800000000000000000e+02 1.639260000000000161e+00
2.140000000000000000e+02 1.639400000000000190e+00
1.210000000000000000e+02 1.639440000000000230e+00
1.240000000000000000e+02 1.639500000000000179e+00
1.140000000000000000e+02 1.639600000000000168e+00
2.070000000000000000e+02 1.640060000000000073e+00
1.750000000000000000e+02 1.640440000000000120e+00
2.060000000000000000e+02 1.641000000000000236e+00
8.800000000000000000e+01 1.642180000000000195e+00
2.080000000000000000e+02 1.642760000000000220e+00
6.000000000000000000e+01 1.643020000000000147e+00
1.600000000000000000e+01 1.643740000000000201e+00
2.240000000000000000e+02 1.645240000000000036e+00
1.940000000000000000e+02 1.646580000000000155e+00
2.400000000000000000e+01 1.647420000000000107e+00
2.360000000000000000e+02 1.648400000000000087e+00
2.500000000000000000e+01 1.649200000000000221e+00
1.840000000000000000e+02 1.650040000000000173e+00
2.100000000000000000e+01 1.650560000000000027e+00
1.880000000000000000e+02 1.651520000000000099e+00
1.430000000000000000e+02 1.651820000000000066e+00
4.700000000000000000e+01 1.653300000000000214e+00
1.250000000000000000e+02 1.653460000000000152e+00
1.030000000000000000e+02 1.654180000000000206e+00
1.790000000000000000e+02 1.654200000000000115e+00
1.360000000000000000e+02 1.654260000000000064e+00
9.300000000000000000e+01 1.654940000000000078e+00
1.090000000000000000e+02 1.655640000000000223e+00
1.800000000000000000e+02 1.656940000000000079e+00
1.980000000000000000e+02 1.658260000000000067e+00
4.400000000000000000e+01 1.659200000000000230e+00
4.100000000000000000e+01 1.659880000000000244e+00
3.400000000000000000e+01 1.660040000000000182e+00
9.200000000000000000e+01 1.660220000000000029e+00
1.170000000000000000e+02 1.660700000000000065e+00
1.070000000000000000e+02 1.661840000000000206e+00
1.610000000000000000e+02 1.663420000000000121e+00
1.540000000000000000e+02 1.664960000000000218e+00
1.820000000000000000e+02 1.665500000000000203e+00
5.400000000000000000e+01 1.666240000000000165e+00
8.000000000000000000e+01 1.666260000000000074e+00
2.270000000000000000e+02 1.666300000000000114e+00
3.100000000000000000e+01 1.668300000000000116e+00
1.260000000000000000e+02 1.668440000000000145e+00
2.210000000000000000e+02 1.669360000000000177e+00
8.100000000000000000e+01 1.669560000000000155e+00
4.000000000000000000e+00 1.670080000000000231e+00
1.650000000000000000e+02 1.670160000000000089e+00
6.500000000000000000e+01 1.670600000000000085e+00
2.080000000000000000e+02 1.670680000000000165e+00
1.240000000000000000e+02 1.670840000000000103e+00
2.900000000000000000e+01 1.671120000000000161e+00
1.060000000000000000e+02 1.671340000000000048e+00
4.400000000000000000e+01 1.671820000000000084e+00
5.500000000000000000e+01 1.672160000000000091e+00
1.560000000000000000e+02 1.672340000000000160e+00
1.100000000000000000e+01 1.672840000000000105e+00
2.030000000000000000e+02 1.676800000000000068e+00
2.020000000000000000e+02 1.678320000000000034e+00
9.000000000000000000e+01 1.678540000000000143e+00
2.170000000000000000e+02 1.679320000000000146e+00
1.170000000000000000e+02 1.679400000000000226e+00
1.010000000000000000e+02 1.679860000000000131e+00
3.600000000000000000e+01 1.679920000000000080e+00
7.000000000000000000e+00 1.680240000000000178e+00
9.300000000000000000e+01 1.680540000000000145e+00
1.830000000000000000e+02 1.681880000000000042e+00
2.300000000000000000e+02 1.683100000000000041e+00
1.520000000000000000e+02 1.683700000000000196e+00
1.270000000000000000e+02 1.684160000000000101e+00
1.400000000000000000e+02 1.685580000000000078e+00
1.210000000000000000e+02 1.685620000000000118e+00
2.130000000000000000e+02 1.686160000000000103e+00
5.400000000000000000e+01 1.688000000000000167e+00
1.750000000000000000e+02 1.688600000000000101e+00
8.200000000000000000e+01 1.690160000000000107e+00
1.660000000000000000e+02 1.691900000000000182e+00
6.800000000000000000e+01 1.692680000000000184e+00
1.890000000000000000e+02 1.692780000000000173e+00
1.880000000000000000e+02 1.692860000000000031e+00
1.900000000000000000e+02 1.693840000000000234e+00
1.100000000000000000e+01 1.693940000000000223e+00
4.100000000000000000e+01 1.694800000000000084e+00
1.850000000000000000e+02 1.696220000000000061e+00
1.640000000000000000e+02 1.696440000000000170e+00
2.240000000000000000e+02 1.697680000000000078e+00
1.550000000000000000e+02 1.697880000000000056e+00
2.220000000000000000e+02 1.698400000000000132e+00
2.330000000000000000e+02 1.698620000000000241e+00
1.440000000000000000e+02 1.698740000000000139e+00
2.080000000000000000e+02 1.698960000000000248e+00
1.420000000000000000e+02 1.699500000000000233e+00
4.000000000000000000e+01 1.699900000000000189e+00
5.400000000000000000e+01 1.699960000000000138e+00
1.210000000000000000e+02 1.701140000000000096e+00
2.040000000000000000e+02 1.701640000000000041e+00
5.600000000000000000e+01 1.702260000000000106e+00
7.300000000000000000e+01 1.703460000000000196e+00
1.490000000000000000e+02 1.704560000000000075e+00
2.300000000000000000e+02 1.704800000000000093e+00
1.950000000000000000e+02 1.705060000000000242e+00
1.140000000000000000e+02 1.705600000000000227e+00
9.200000000000000000e+01 1.705640000000000045e+00
5.900000000000000000e+01 1.705660000000000176e+00
1.930000000000000000e+02 1.705900000000000194e+00
1.880000000000000000e+02 1.706120000000000081e+00
1.530000000000000000e+02 1.706800000000000095e+00
1.730000000000000000e+02 1.707380000000000120e+00
1.160000000000000000e+02 1.707460000000000200e+00
1.170000000000000000e+02 1.707760000000000167e+00
9.300000000000000000e+01 1.710460000000000091e+00
0.000000000000000000e+00 1.710960000000000036e+00
7.500000000000000000e+01 1.711000000000000076e+00
2.100000000000000000e+01 1.711240000000000094e+00
2.310000000000000000e+02 1.711340000000000083e+00
1.100000000000000000e+01 1.711360000000000214e+00
2.000000000000000000e+01 1.711760000000000170e+00
6.600000000000000000e+01 1.713960000000000150e+00
5.100000000000000000e+01 1.715320000000000178e+00
1.220000000000000000e+02 1.715500000000000247e+00
2.290000000000000000e+02 1.715640000000000054e+00
1.210000000000000000e+02 1.715900000000000203e+00
1.140000000000000000e+02 1.717180000000000151e+00
1.150000000000000000e+02 1.717500000000000249e+00
6.300000000000000000e+01 1.717800000000000216e+00
1.480000000000000000e+02 1.718640000000000168e+00
1.960000000000000000e+02 1.719340000000000090e+00
7.700000000000000000e+01 1.720260000000000122e+00
2.190000000000000000e+02 1.721920000000000117e+00
8.700000000000000000e+01 1.721960000000000157e+00
6.200000000000000000e+01 1.723560000000000203e+00
2.280000000000000000e+02 1.725220000000000198e+00
2.080000000000000000e+02 1.725580000000000114e+00
1.940000000000000000e+02 1.725840000000000041e+00
8.500000000000000000e+01 1.726760000000000073e+00
4.100000000000000000e+01 1.728360000000000118e+00
2.160000000000000000e+02 1.729540000000000077e+00
5.400000000000000000e+01 1.730380000000000251e+00
1.040000000000000000e+02 1.732600000000000140e+00
3.600000000000000000e+01 1.734640000000000182e+00
7.100000000000000000e+01 1.734900000000000109e+00
1.280000000000000000e+02 1.735040000000000138e+00
1.910000000000000000e+02 1.735440000000000094e+00
2.370000000000000000e+02 1.736220000000000097e+00
4.000000000000000000e+01 1.736640000000000184e+00
8.300000000000000000e+01 1.736640000000000184e+00
9.800000000000000000e+01 1.737200000000000077e+00
1.120000000000000000e+02 1.737300000000000066e+00
6.100000000000000000e+01 1.737340000000000106e+00
9.500000000000000000e+01 1.737660000000000204e+00
3.100000000000000000e+01 1.737920000000000131e+00
1.110000000000000000e+02 1.738020000000000120e+00
3.500000000000000000e+01 1.738860000000000072e+00
3.000000000000000000e+00 1.740080000000000071e+00
3.200000000000000000e+01 1.740320000000000089e+00
1.260000000000000000e+02 1.741260000000000252e+00
1.000000000000000000e+01 1.742440000000000211e+00
2.000000000000000000e+01 1.742540000000000200e+00
1.090000000000000000e+02 1.742600000000000149e+00
1.200000000000000000e+02 1.743920000000000137e+00
2.030000000000000000e+02 1.745080000000000187e+00
1.150000000000000000e+02 1.745660000000000212e+00
1.960000000000000000e+02 1.746540000000000203e+00
2.600000000000000000e+01 1.746940000000000159e+00
2.300000000000000000e+01 1.747720000000000162e+00
8.500000000000000000e+01 1.747960000000000180e+00
5.000000000000000000e+00 1.748760000000000092e+00
6.500000000000000000e+01 1.748860000000000081e+00
1.580000000000000000e+02 1.749200000000000088e+00
1.640000000000000000e+02 1.750240000000000240e+00
1.390000000000000000e+02 1.750360000000000138e+00
1.700000000000000000e+01 1.754340000000000233e+00
1.100000000000000000e+02 1.755300000000000082e+00
1.770000000000000000e+02 1.756520000000000081e+00
9.900000000000000000e+01 1.758000000000000229e+00
3.400000000000000000e+01 1.760620000000000074e+00
2.150000000000000000e+02 1.760640000000000205e+00
1.640000000000000000e+02 1.761300000000000088e+00
1.630000000000000000e+02 1.762020000000000142e+00
4.100000000000000000e+01 1.762180000000000080e+00
1.840000000000000000e+02 1.762220000000000120e+00
1.460000000000000000e+02 1.764780000000000237e+00
2.390000000000000000e+02 1.765980000000000105e+00
5.000000000000000000e+00 1.766120000000000134e+00
1.560000000000000000e+02 1.768600000000000172e+00
2.190000000000000000e+02 1.768820000000000059e+00
2.140000000000000000e+02 1.771580000000000155e+00
1.800000000000000000e+01 1.773440000000000127e+00
9.300000000000000000e+01 1.774100000000000232e+00
8.000000000000000000e+01 1.775060000000000082e+00
2.240000000000000000e+02 1.775080000000000213e+00
1.950000000000000000e+02 1.775900000000000256e+00
1.770000000000000000e+02 1.776700000000000168e+00
9.900000000000000000e+01 1.777120000000000255e+00
1.930000000000000000e+02 1.777380000000000182e+00
1.850000000000000000e+02 1.777840000000000087e+00
6.800000000000000000e+01 1.777860000000000218e+00
1.350000000000000000e+02 1.778540000000000232e+00
2.500000000000000000e+01 1.779760000000000231e+00
2.280000000000000000e+02 1.782360000000000166e+00
8.400000000000000000e+01 1.782500000000000195e+00
3.900000000000000000e+01 1.782600000000000184e+00
1.500000000000000000e+01 1.784280000000000088e+00
1.120000000000000000e+02 1.785300000000000109e+00
1.780000000000000000e+02 1.785660000000000247e+00
2.120000000000000000e+02 1.785840000000000094e+00
2.110000000000000000e+02 1.786120000000000152e+00
9.700000000000000000e+01 1.788700000000000179e+00
1.790000000000000000e+02 1.789380000000000193e+00
1.330000000000000000e+02 1.791760000000000241e+00
4.900000000000000000e+01 1.792420000000000124e+00
1.420000000000000000e+02 1.794180000000000108e+00
1.020000000000000000e+02 1.795560000000000045e+00
7.200000000000000000e+01 1.796640000000000237e+00
7.700000000000000000e+01 1.798820000000000086e+00
8.600000000000000000e+01 1.799060000000000104e+00
1.010000000000000000e+02 1.799520000000000231e+00
2.360000000000000000e+02 1.802400000000000224e+00
6.800000000000000000e+01 1.802680000000000060e+00
3.700000000000000000e+01 1.805080000000000240e+00
4.100000000000000000e+01 1.806060000000000221e+00
8.200000000000000000e+01 1.806920000000000082e+00
1.070000000000000000e+02 1.813220000000000054e+00
1.500000000000000000e+02 1.814620000000000122e+00
2.090000000000000000e+02 1.816500000000000226e+00
5.000000000000000000e+01 1.818460000000000187e+00
8.300000000000000000e+01 1.819660000000000055e+00
1.170000000000000000e+02 1.821100000000000163e+00
1.210000000000000000e+02 1.822820000000000107e+00
6.100000000000000000e+01 1.824220000000000175e+00
6.400000000000000000e+01 1.824960000000000138e+00
1.460000000000000000e+02 1.826020000000000199e+00
1.480000000000000000e+02 1.826560000000000183e+00
1.390000000000000000e+02 1.826620000000000132e+00
1.850000000000000000e+02 1.826760000000000161e+00
1.430000000000000000e+02 1.828600000000000225e+00
1.650000000000000000e+02 1.829000000000000181e+00
2.310000000000000000e+02 1.832100000000000062e+00
8.600000000000000000e+01 1.832520000000000149e+00
2.230000000000000000e+02 1.832820000000000116e+00
1.890000000000000000e+02 1.832860000000000156e+00
2.040000000000000000e+02 1.833180000000000254e+00
1.910000000000000000e+02 1.833780000000000188e+00
1.210000000000000000e+02 1.837500000000000133e+00
1.760000000000000000e+02 1.841760000000000064e+00
4.200000000000000000e+01 1.844140000000000112e+00
1.360000000000000000e+02 1.845020000000000104e+00
1.300000000000000000e+01 1.845060000000000144e+00
8.400000000000000000e+01 1.846760000000000179e+00
1.520000000000000000e+02 1.847980000000000178e+00
8.000000000000000000e+01 1.848840000000000261e+00
1.460000000000000000e+02 1.849240000000000217e+00
5.700000000000000000e+01 1.850060000000000260e+00
1.270000000000000000e+02 1.856900000000000217e+00
1.740000000000000000e+02 1.857080000000000064e+00
2.040000000000000000e+02 1.857740000000000169e+00
1.480000000000000000e+02 1.857820000000000249e+00
5.500000000000000000e+01 1.858120000000000216e+00
1.830000000000000000e+02 1.858380000000000143e+00
2.180000000000000000e+02 1.859800000000000120e+00
1.300000000000000000e+02 1.862580000000000124e+00
1.440000000000000000e+02 1.864220000000000210e+00
9.500000000000000000e+01 1.864740000000000064e+00
1.280000000000000000e+02 1.865120000000000111e+00
1.410000000000000000e+02 1.865240000000000231e+00
4.000000000000000000e+01 1.867100000000000204e+00
2.390000000000000000e+02 1.868220000000000214e+00
1.020000000000000000e+02 1.872460000000000235e+00
1.530000000000000000e+02 1.873260000000000147e+00
1.160000000000000000e+02 1.874720000000000164e+00
1.270000000000000000e+02 1.875000000000000222e+00
1.040000000000000000e+02 1.875640000000000196e+00
2.110000000000000000e+02 1.875740000000000185e+00
1.580000000000000000e+02 1.876880000000000104e+00
4.800000000000000000e+01 1.879700000000000149e+00
2.040000000000000000e+02 1.880540000000000100e+00
3.200000000000000000e+01 1.882140000000000146e+00
3.600000000000000000e+01 1.882900000000000240e+00
1.100000000000000000e+02 1.883380000000000054e+00
1.630000000000000000e+02 1.883540000000000214e+00
1.940000000000000000e+02 1.883940000000000170e+00
1.900000000000000000e+01 1.885000000000000231e+00
1.070000000000000000e+02 1.888340000000000130e+00
1.690000000000000000e+02 1.889280000000000070e+00
3.000000000000000000e+01 1.890040000000000164e+00
1.510000000000000000e+02 1.895980000000000221e+00
5.600000000000000000e+01 1.900260000000000060e+00
2.400000000000000000e+01 1.900400000000000089e+00
6.800000000000000000e+01 1.900420000000000220e+00
2.240000000000000000e+02 1.901480000000000059e+00
1.600000000000000000e+01 1.903860000000000108e+00
1.630000000000000000e+02 1.904480000000000173e+00
1.400000000000000000e+02 1.904560000000000253e+00
2.090000000000000000e+02 1.904920000000000169e+00
4.500000000000000000e+01 1.905440000000000245e+00
5.300000000000000000e+01 1.905980000000000230e+00
6.100000000000000000e+01 1.906080000000000219e+00
5.000000000000000000e+01 1.908600000000000074e+00
1.550000000000000000e+02 1.909640000000000226e+00
1.360000000000000000e+02 1.910500000000000087e+00
9.000000000000000000e+00 1.911000000000000254e+00
1.120000000000000000e+02 1.911460000000000159e+00
4.000000000000000000e+00 1.912740000000000107e+00
7.100000000000000000e+01 1.912780000000000147e+00
1.950000000000000000e+02 1.916480000000000183e+00
8.800000000000000000e+01 1.921200000000000241e+00
1.880000000000000000e+02 1.923180000000000112e+00
3.100000000000000000e+01 1.924820000000000197e+00
7.000000000000000000e+01 1.925180000000000113e+00
5.300000000000000000e+01 1.928740000000000121e+00
3.000000000000000000e+00 1.929220000000000157e+00
2.340000000000000000e+02 1.929260000000000197e+00
1.360000000000000000e+02 1.930580000000000185e+00
1.090000000000000000e+02 1.930880000000000152e+00
1.950000000000000000e+02 1.932400000000000118e+00
6.800000000000000000e+01 1.932960000000000234e+00
2.150000000000000000e+02 1.933580000000000076e+00
1.030000000000000000e+02 1.934500000000000108e+00
4.800000000000000000e+01 1.936200000000000143e+00
1.940000000000000000e+02 1.936400000000000121e+00
1.480000000000000000e+02 1.936780000000000168e+00
5.000000000000000000e+01 1.937300000000000244e+00
1.400000000000000000e+02 1.937360000000000193e+00
1.660000000000000000e+02 1.937680000000000069e+00
1.160000000000000000e+02 1.938280000000000225e+00
1.790000000000000000e+02 1.938580000000000192e+00
2.060000000000000000e+02 1.939680000000000071e+00
2.080000000000000000e+02 1.941980000000000262e+00
1.220000000000000000e+02 1.942420000000000258e+00
2.190000000000000000e+02 1.943040000000000100e+00
1.470000000000000000e+02 1.946340000000000181e+00
4.700000000000000000e+01 1.948220000000000063e+00
3.600000000000000000e+01 1.950100000000000167e+00
6.000000000000000000e+01 1.950940000000000119e+00
1.320000000000000000e+02 1.953560000000000185e+00
1.980000000000000000e+02 1.954620000000000246e+00
1.040000000000000000e+02 1.959500000000000242e+00
1.660000000000000000e+02 1.962900000000000089e+00
2.220000000000000000e+02 1.963540000000000063e+00
9.100000000000000000e+01 1.963580000000000103e+00
9.800000000000000000e+01 1.964180000000000259e+00
7.100000000000000000e+01 1.964660000000000073e+00
1.710000000000000000e+02 1.964800000000000102e+00
1.670000000000000000e+02 1.965300000000000269e+00
1.020000000000000000e+02 1.971820000000000128e+00
1.440000000000000000e+02 1.972700000000000120e+00
1.000000000000000000e+02 1.973080000000000167e+00
7.100000000000000000e+01 1.973240000000000105e+00
2.400000000000000000e+01 1.973560000000000203e+00
1.650000000000000000e+02 1.975240000000000107e+00
7.600000000000000000e+01 1.978340000000000209e+00
1.640000000000000000e+02 1.979480000000000128e+00
8.100000000000000000e+01 1.980620000000000269e+00
1.310000000000000000e+02 1.980920000000000236e+00
7.900000000000000000e+01 1.981240000000000112e+00
1.430000000000000000e+02 1.981500000000000261e+00
1.290000000000000000e+02 1.981620000000000159e+00
2.320000000000000000e+02 1.981840000000000268e+00
2.370000000000000000e+02 1.982620000000000271e+00
2.290000000000000000e+02 1.983100000000000085e+00
1.500000000000000000e+01 1.985900000000000221e+00
1.100000000000000000e+01 1.986820000000000253e+00
1.570000000000000000e+02 1.989640000000000075e+00
9.600000000000000000e+01 1.998480000000000256e+00
3.000000000000000000e+00 1.999520000000000186e+00
8.700000000000000000e+01 2.000340000000000007e+00
1.990000000000000000e+02 2.001160000000000050e+00
1.110000000000000000e+02 2.001380000000000159e+00
3.700000000000000000e+01 2.002720000000000056e+00
1.540000000000000000e+02 2.002940000000000165e+00
2.290000000000000000e+02 2.003900000000000237e+00
7.500000000000000000e+01 2.004320000000000324e+00
1.200000000000000000e+01 2.007140000000000146e+00
1.900000000000000000e+02 2.007400000000000073e+00
1.810000000000000000e+02 2.008900000000000130e+00
8.000000000000000000e+00 2.010520000000000085e+00
2.040000000000000000e+02 2.012260000000000382e+00
1.890000000000000000e+02 2.012620000000000076e+00
6.000000000000000000e+01 2.019859999999999989e+00
8.800000000000000000e+01 2.020840000000000192e+00
4.300000000000000000e+01 2.025020000000000042e+00
1.260000000000000000e+02 2.027000000000000135e+00
2.700000000000000000e+01 2.029260000000000286e+00
1.780000000000000000e+02 2.030640000000000001e+00
7.400000000000000000e+01 2.032480000000000064e+00
4.900000000000000000e+01 2.035080000000000222e+00
0.000000000000000000e+00 2.036560000000000148e+00
1.090000000000000000e+02 2.037279999999999980e+00
1.040000000000000000e+02 2.041840000000000099e+00
2.900000000000000000e+01 2.042340000000000266e+00
1.640000000000000000e+02 2.042520000000000113e+00
1.290000000000000000e+02 2.042640000000000011e+00
1.600000000000000000e+01 2.042760000000000353e+00
1.240000000000000000e+02 2.043160000000000309e+00
2.300000000000000000e+01 2.043280000000000207e+00
1.300000000000000000e+01 2.044900000000000162e+00
2.000000000000000000e+00 2.045240000000000169e+00
1.880000000000000000e+02 2.047140000000000182e+00
9.300000000000000000e+01 2.048399999999999999e+00
1.630000000000000000e+02 2.050240000000000062e+00
1.500000000000000000e+01 2.052459999999999951e+00
1.100000000000000000e+02 2.055220000000000269e+00
5.900000000000000000e+01 2.055260000000000087e+00
1.010000000000000000e+02 2.060220000000000162e+00
3.600000000000000000e+01 2.061440000000000161e+00
1.600000000000000000e+01 2.062680000000000291e+00
1.540000000000000000e+02 2.065880000000000383e+00
6.200000000000000000e+01 2.067620000000000235e+00
2.140000000000000000e+02 2.069720000000000226e+00
1.410000000000000000e+02 2.071439999999999948e+00
2.300000000000000000e+02 2.072119999999999962e+00
4.800000000000000000e+01 2.072300000000000253e+00
1.430000000000000000e+02 2.073300000000000143e+00
1.070000000000000000e+02 2.074300000000000033e+00
1.940000000000000000e+02 2.075280000000000236e+00
1.700000000000000000e+01 2.078080000000000371e+00
1.460000000000000000e+02 2.078280000000000349e+00
1.140000000000000000e+02 2.078780000000000072e+00
5.900000000000000000e+01 2.080459999999999976e+00
1.970000000000000000e+02 2.080520000000000369e+00
3.800000000000000000e+01 2.081640000000000157e+00
1.500000000000000000e+01 2.082780000000000076e+00
6.400000000000000000e+01 2.084940000000000015e+00
4.900000000000000000e+01 2.085539999999999949e+00
2.160000000000000000e+02 2.086720000000000130e+00
1.630000000000000000e+02 2.087380000000000013e+00
1.730000000000000000e+02 2.088200000000000056e+00
1.320000000000000000e+02 2.090000000000000302e+00
1.590000000000000000e+02 2.093879999999999963e+00
2.170000000000000000e+02 2.098080000000000389e+00
5.900000000000000000e+01 2.106160000000000032e+00
2.800000000000000000e+01 2.106700000000000017e+00
2.360000000000000000e+02 2.107340000000000213e+00
2.300000000000000000e+01 2.108360000000000234e+00
1.840000000000000000e+02 2.112740000000000062e+00
1.310000000000000000e+02 2.113240000000000229e+00
1.640000000000000000e+02 2.120780000000000332e+00
2.010000000000000000e+02 2.121220000000000105e+00
1.700000000000000000e+01 2.129840000000000177e+00
9.200000000000000000e+01 2.130780000000000118e+00
7.000000000000000000e+01 2.132620000000000182e+00
2.900000000000000000e+01 2.136240000000000361e+00
7.100000000000000000e+01 2.137059999999999960e+00
1.980000000000000000e+02 2.142920000000000158e+00
7.000000000000000000e+01 2.145920000000000272e+00
2.300000000000000000e+01 2.170139999999999958e+00
2.600000000000000000e+01 2.170460000000000278e+00
1.900000000000000000e+01 2.174560000000000048e+00
2.280000000000000000e+02 2.178300000000000125e+00
7.500000000000000000e+01 2.185100000000000264e+00
1.400000000000000000e+01 2.194940000000000335e+00
8.300000000000000000e+01 2.197360000000000202e+00
2.600000000000000000e+01 2.202800000000000313e+00
7.900000000000000000e+01 2.206660000000000288e+00
4.300000000000000000e+01 2.208900000000000308e+00
1.880000000000000000e+02 2.209420000000000162e+00
1.730000000000000000e+02 2.216420000000000279e+00
5.200000000000000000e+01 2.219200000000000284e+00
1.020000000000000000e+02 2.223260000000000236e+00
2.240000000000000000e+02 2.225760000000000183e+00
1.390000000000000000e+02 2.231300000000000061e+00
1.300000000000000000e+02 2.232640000000000402e+00
1.310000000000000000e+02 2.255620000000000402e+00
6.300000000000000000e+01 2.255860000000000198e+00
1.180000000000000000e+02 2.261920000000000375e+00
6.300000000000000000e+01 2.271540000000000337e+00
5.800000000000000000e+01 2.272960000000000313e+00
9.500000000000000000e+01 2.274420000000000108e+00
2.070000000000000000e+02 2.285120000000000040e+00
7.700000000000000000e+01 2.323980000000000157e+00
1.000000000000000000e+01 2.345860000000000056e+00
1.000000000000000000e+01 2.359240000000000226e+00
1.150000000000000000e+02 2.360320000000000196e+00
2.240000000000000000e+02 2.365000000000000213e+00
6.300000000000000000e+01 2.393080000000000318e+00
7.000000000000000000e+00 2.400060000000000304e+00
2.000000000000000000e+02 2.400480000000000391e+00
4.000000000000000000e+01 2.416560000000000041e+00
1.010000000000000000e+02 2.425100000000000033e+00
5.300000000000000000e+01 2.435640000000000249e+00
1.170000000000000000e+02 2.446720000000000006e+00
1.000000000000000000e+01 2.451420000000000154e+00
7.700000000000000000e+01 2.466820000000000235e+00
1.450000000000000000e+02 2.486240000000000006e+00
5.800000000000000000e+01 2.497060000000000279e+00
2.240000000000000000e+02 2.497420000000000417e+00
2.700000000000000000e+01 2.503680000000000128e+00
2.120000000000000000e+02 2.533260000000000289e+00
2.390000000000000000e+02 2.563600000000000101e+00
5.000000000000000000e+01 2.578360000000000429e+00
1.300000000000000000e+01 2.578660000000000174e+00
1.890000000000000000e+02 2.592100000000000293e+00
7.800000000000000000e+01 2.602680000000000327e+00
2.360000000000000000e+02 2.603400000000000158e+00
2.350000000000000000e+02 2.608620000000000161e+00
1.890000000000000000e+02 2.612620000000000164e+00
1.470000000000000000e+02 2.632500000000000284e+00
9.500000000000000000e+01 2.638540000000000330e+00
1.250000000000000000e+02 2.647860000000000102e+00
7.000000000000000000e+01 2.671200000000000241e+00
4.100000000000000000e+01 2.679480000000000306e+00
1.220000000000000000e+02 2.686800000000000299e+00
1.210000000000000000e+02 2.695540000000000269e+00
5.300000000000000000e+01 2.711420000000000385e+00
1.840000000000000000e+02 2.720240000000000435e+00
5.600000000000000000e+01 2.729400000000000048e+00
1.940000000000000000e+02 2.734960000000000058e+00
1.120000000000000000e+02 2.741160000000000263e+00
8.000000000000000000e+00 2.745620000000000172e+00
1.770000000000000000e+02 2.766300000000000203e+00
1.290000000000000000e+02 2.770760000000000112e+00
7.200000000000000000e+01 2.779500000000000082e+00
3.500000000000000000e+01 2.780640000000000445e+00
8.500000000000000000e+01 2.799680000000000391e+00
1.990000000000000000e+02 2.806840000000000224e+00
3.000000000000000000e+00 2.809780000000000388e+00
1.010000000000000000e+02 2.812500000000000444e+00
3.800000000000000000e+01 2.822760000000000158e+00
1.090000000000000000e+02 2.824520000000000142e+00
1.530000000000000000e+02 2.879280000000000062e+00
2.270000000000000000e+02 2.885680000000000245e+00
2.030000000000000000e+02 2.892480000000000384e+00
1.270000000000000000e+02 2.897380000000000067e+00
1.750000000000000000e+02 2.907580000000000275e+00
1.690000000000000000e+02 2.917560000000000375e+00
8.600000000000000000e+01 2.919420000000000126e+00
1.290000000000000000e+02 2.925700000000000411e+00
2.250000000000000000e+02 2.926220000000000265e+00
8.400000000000000000e+01 2.936400000000000343e+00
2.600000000000000000e+01 2.940980000000000150e+00
2.000000000000000000e+01 2.942940000000000111e+00
4.300000000000000000e+01 2.948060000000000347e+00
1.350000000000000000e+02 2.949480000000000324e+00
1.400000000000000000e+02 2.967680000000000096e+00
1.910000000000000000e+02 3.001200000000000312e+00
1.420000000000000000e+02 3.005980000000000096e+00
1.330000000000000000e+02 3.021200000000000330e+00
1.100000000000000000e+02 3.037980000000000125e+00
7.600000000000000000e+01 3.057660000000000267e+00
1.540000000000000000e+02 3.078240000000000087e+00
1.030000000000000000e+02 3.084320000000000395e+00
2.180000000000000000e+02 3.086640000000000050e+00
2.190000000000000000e+02 3.091180000000000039e+00
2.370000000000000000e+02 3.093520000000000270e+00
6.000000000000000000e+01 3.094580000000000108e+00
9.200000000000000000e+01 3.122300000000000075e+00
2.230000000000000000e+02 3.122740000000000293e+00
1.510000000000000000e+02 3.122840000000000060e+00
1.060000000000000000e+02 3.124180000000000401e+00
9.000000000000000000e+01 3.135760000000000325e+00
7.200000000000000000e+01 3.143780000000000463e+00
2.140000000000000000e+02 3.147080000000000322e+00
4.200000000000000000e+01 3.177500000000000213e+00
1.880000000000000000e+02 3.184320000000000039e+00
6.000000000000000000e+01 3.187740000000000240e+00
9.500000000000000000e+01 3.192740000000000133e+00
1.350000000000000000e+02 3.194060000000000343e+00
1.900000000000000000e+02 3.208300000000000374e+00
2.140000000000000000e+02 3.221480000000000121e+00
2.300000000000000000e+02 3.237340000000000106e+00
2.900000000000000000e+01 3.264800000000000146e+00
2.270000000000000000e+02 3.282100000000000239e+00
1.380000000000000000e+02 3.302620000000000111e+00
6.700000000000000000e+01 3.305560000000000276e+00
1.660000000000000000e+02 3.309860000000000468e+00
2.210000000000000000e+02 3.330440000000000289e+00
5.000000000000000000e+00 3.345740000000000158e+00
6.000000000000000000e+01 3.350760000000000183e+00
1.450000000000000000e+02 3.364260000000000250e+00
2.250000000000000000e+02 3.364360000000000461e+00
1.500000000000000000e+02 3.365300000000000402e+00
6.900000000000000000e+01 3.375660000000000327e+00
3.000000000000000000e+01 3.375780000000000225e+00
5.300000000000000000e+01 3.388880000000000337e+00
1.670000000000000000e+02 3.400980000000000114e+00
2.330000000000000000e+02 3.404480000000000395e+00
2.070000000000000000e+02 3.409920000000000062e+00
2.350000000000000000e+02 3.424340000000000384e+00
1.240000000000000000e+02 3.430400000000000116e+00
8.800000000000000000e+01 3.448540000000000383e+00
3.500000000000000000e+01 3.455100000000000282e+00
3.700000000000000000e+01 3.470340000000000202e+00
4.000000000000000000e+00 3.476700000000000124e+00
2.120000000000000000e+02 3.503260000000000485e+00
0.000000000000000000e+00 3.513720000000000176e+00
8.800000000000000000e+01 3.518800000000000150e+00
4.200000000000000000e+01 3.520140000000000491e+00
2.260000000000000000e+02 3.527540000000000120e+00
2.290000000000000000e+02 3.530380000000000074e+00
8.700000000000000000e+01 3.537820000000000409e+00
1.910000000000000000e+02 3.539480000000000182e+00
5.400000000000000000e+01 3.566720000000000113e+00
2.500000000000000000e+01 3.568640000000000256e+00
2.020000000000000000e+02 3.613840000000000163e+00
2.370000000000000000e+02 3.633400000000000407e+00
1.780000000000000000e+02 3.640400000000000080e+00
4.300000000000000000e+01 3.642120000000000246e+00
3.300000000000000000e+01 3.648520000000000429e+00
5.000000000000000000e+01 3.657260000000000399e+00
9.000000000000000000e+00 3.674040000000000195e+00
9.100000000000000000e+01 3.693300000000000249e+00
7.600000000000000000e+01 3.693320000000000380e+00
9.900000000000000000e+01 3.694020000000000081e+00
9.600000000000000000e+01 3.705720000000000347e+00
2.360000000000000000e+02 3.706340000000000412e+00
7.200000000000000000e+01 3.709100000000000286e+00
1.710000000000000000e+02 3.709180000000000366e+00
1.820000000000000000e+02 3.716600000000000126e+00
9.200000000000000000e+01 3.722620000000000484e+00
1.590000000000000000e+02 3.768940000000000179e+00
3.800000000000000000e+01 3.772760000000000336e+00
2.310000000000000000e+02 3.778240000000000265e+00
9.600000000000000000e+01 3.779240000000000155e+00
2.400000000000000000e+01 3.809460000000000512e+00
2.050000000000000000e+02 3.809720000000000439e+00
1.330000000000000000e+02 3.812220000000000386e+00
5.600000000000000000e+01 3.814100000000000268e+00
1.630000000000000000e+02 3.819220000000000503e+00
5.100000000000000000e+01 3.851440000000000197e+00
1.650000000000000000e+02 3.861300000000000399e+00
2.180000000000000000e+02 3.875480000000000480e+00
3.400000000000000000e+01 3.913700000000000401e+00
3.300000000000000000e+01 3.946860000000000479e+00
1.280000000000000000e+02 3.951580000000000314e+00
9.800000000000000000e+01 3.966340000000000199e+00
5.300000000000000000e+01 3.975580000000000336e+00
6.600000000000000000e+01 3.975880000000000525e+00
1.370000000000000000e+02 3.979660000000000419e+00
2.900000000000000000e+01 4.008160000000000167e+00
2.380000000000000000e+02 4.031360000000000277e+00
1.200000000000000000e+02 4.034620000000000317e+00
6.500000000000000000e+01 4.035760000000000680e+00
5.300000000000000000e+01 4.037260000000000737e+00
1.370000000000000000e+02 4.039179999999999993e+00
1.490000000000000000e+02 4.048920000000000741e+00
9.600000000000000000e+01 4.060540000000000482e+00
1.100000000000000000e+01 4.063380000000000436e+00
1.130000000000000000e+02 4.106660000000000643e+00
1.150000000000000000e+02 4.106800000000000672e+00
1.470000000000000000e+02 4.150120000000000253e+00
1.900000000000000000e+01 4.156160000000000743e+00
2.110000000000000000e+02 4.169420000000000570e+00
9.200000000000000000e+01 4.174540000000000362e+00
2.380000000000000000e+02 4.194280000000000008e+00
1.300000000000000000e+01 4.209120000000000417e+00
1.210000000000000000e+02 4.217140000000000555e+00
1.600000000000000000e+02 4.225420000000000620e+00
4.200000000000000000e+01 4.229240000000000776e+00
6.400000000000000000e+01 4.232620000000000715e+00
2.600000000000000000e+01 4.261160000000000281e+00
1.800000000000000000e+01 4.264440000000000452e+00
2.140000000000000000e+02 4.269519999999999982e+00
1.360000000000000000e+02 4.319860000000000255e+00
1.500000000000000000e+01 4.331199999999999939e+00
1.960000000000000000e+02 4.331220000000000070e+00
1.100000000000000000e+02 4.338060000000000471e+00
6.000000000000000000e+01 4.339280000000000470e+00
1.780000000000000000e+02 4.350740000000000052e+00
1.280000000000000000e+02 4.373060000000000613e+00
6.600000000000000000e+01 4.376260000000000261e+00
3.800000000000000000e+01 4.383960000000000079e+00
1.560000000000000000e+02 4.386740000000000528e+00
1.260000000000000000e+02 4.388279999999999959e+00
2.000000000000000000e+00 4.405840000000000423e+00
3.200000000000000000e+01 4.409320000000000128e+00
1.800000000000000000e+01 4.417640000000000455e+00
1.280000000000000000e+02 4.427860000000000795e+00
1.660000000000000000e+02 4.429460000000000619e+00
4.500000000000000000e+01 4.438240000000000407e+00
4.900000000000000000e+01 4.459500000000000242e+00
3.400000000000000000e+01 4.466560000000000308e+00
2.350000000000000000e+02 4.473060000000000258e+00
1.630000000000000000e+02 4.481060000000000265e+00
1.150000000000000000e+02 4.483300000000000729e+00
1.060000000000000000e+02 4.494700000000000806e+00
2.350000000000000000e+02 4.514760000000000773e+00
1.000000000000000000e+01 4.541360000000000063e+00
1.870000000000000000e+02 4.556060000000000443e+00
5.500000000000000000e+01 4.566180000000000128e+00
3.600000000000000000e+01 4.582419999999999938e+00
1.450000000000000000e+02 4.586540000000000283e+00
1.070000000000000000e+02 4.593280000000000030e+00
1.780000000000000000e+02 4.594800000000000217e+00
1.930000000000000000e+02 4.613540000000000418e+00
3.000000000000000000e+00 4.619820000000000704e+00
1.960000000000000000e+02 4.620160000000000267e+00
2.160000000000000000e+02 4.624200000000000088e+00
1.810000000000000000e+02 4.646660000000000679e+00
2.350000000000000000e+02 4.655499999999999972e+00
1.930000000000000000e+02 4.655700000000000394e+00
1.140000000000000000e+02 4.680300000000000793e+00
7.800000000000000000e+01 4.682320000000000704e+00
1.180000000000000000e+02 4.685540000000000482e+00
2.320000000000000000e+02 4.688360000000000305e+00
1.910000000000000000e+02 4.700020000000000309e+00
2.220000000000000000e+02 4.707660000000000622e+00
1.290000000000000000e+02 4.737920000000000798e+00
0.000000000000000000e+00 4.748520000000000074e+00
1.860000000000000000e+02 4.751759999999999984e+00
1.270000000000000000e+02 4.759000000000000341e+00
5.200000000000000000e+01 4.776520000000000543e+00
2.060000000000000000e+02 4.781820000000000626e+00
1.130000000000000000e+02 4.783440000000000580e+00
5.000000000000000000e+00 4.790680000000000049e+00
7.500000000000000000e+01 4.791760000000000019e+00
9.100000000000000000e+01 4.796140000000000292e+00
9.500000000000000000e+01 4.797920000000000407e+00
1.270000000000000000e+02 4.800320000000000142e+00
4.000000000000000000e+00 4.802160000000000650e+00
8.000000000000000000e+00 4.803800000000000736e+00
1.110000000000000000e+02 4.804140000000000299e+00
1.260000000000000000e+02 4.813960000000000683e+00
8.100000000000000000e+01 4.814380000000000770e+00
1.770000000000000000e+02 4.818840000000000678e+00
3.100000000000000000e+01 4.821940000000000559e+00
2.040000000000000000e+02 4.842220000000000191e+00
1.230000000000000000e+02 4.846560000000000201e+00
5.700000000000000000e+01 4.849180000000000490e+00
2.080000000000000000e+02 4.858740000000000059e+00
1.680000000000000000e+02 4.875240000000000684e+00
9.000000000000000000e+00 4.889440000000000452e+00
7.200000000000000000e+01 4.890660000000000451e+00
1.840000000000000000e+02 4.902660000000000018e+00
1.350000000000000000e+02 4.913180000000000547e+00
1.420000000000000000e+02 4.914360000000000284e+00
1.470000000000000000e+02 4.925380000000000535e+00
1.110000000000000000e+02 4.934919999999999973e+00
9.000000000000000000e+01 4.945400000000000240e+00
5.900000000000000000e+01 4.964620000000000033e+00
1.670000000000000000e+02 4.974580000000000446e+00
1.700000000000000000e+01 4.976140000000000008e+00
